  0.10000000000000001        10213.980666359659     
  0.20000000000000001        9241.3865038234562     
  0.29999999999999999        8301.7470931807984     
  0.40000000000000002        7394.5983533090148     
  0.50000000000000000        6519.4762030854254     
  0.59999999999999998        5675.9165613873520     
  0.69999999999999996        4863.4553470921164     
  0.80000000000000004        4081.6284790770374     
  0.90000000000000002        3329.9718762194448     
   1.0000000000000000        2608.0214573966573     
   1.1000000000000001        1915.3131414859963     
   1.2000000000000000        1251.3828473647857     
   1.3000000000000000        615.76649391034505     
   1.3999999999999999        8.0000000000000000     
   1.5000000000000000       -572.38071548893015     
   1.6000000000000001       -1125.8397336791218     
   1.7000000000000000       -1652.8411356932518     
   1.8000000000000000       -2153.8490026539994     
   1.8999999999999999       -2629.3274156840412     
   2.0000000000000000       -3079.7404559060574     
   2.1000000000000001       -3505.5522044427230     
   2.2000000000000002       -3907.2267424167162     
   2.2999999999999998       -4285.2281509507129     
   2.3999999999999999       -4640.0205111673959     
   2.5000000000000000       -4972.0679041894400     
   2.6000000000000001       -5281.8344111395254     
   2.7000000000000002       -5569.7841131403238     
   2.7999999999999998       -5836.3810913145171     
   2.8999999999999999       -6082.0894267847834     
   3.0000000000000000       -6307.3732006738028     
   3.1000000000000001       -6512.6964941042470     
   3.2000000000000002       -6698.5233881987979     
   3.2999999999999998       -6865.3179640801291     
   3.3999999999999999       -7013.5443028709224     
   3.5000000000000000       -7143.6664856938578     
   3.6000000000000001       -7256.1485936716090     
   3.7000000000000002       -7351.4547079268532     
   3.7999999999999998       -7430.0489095822695     
   3.8999999999999999       -7492.3952797605343     
   4.0000000000000000       -7538.9578995843294     
   4.0999999999999996       -7570.2008501763294     
   4.2000000000000002       -7586.5882126592105     
   4.2999999999999998       -7588.5840681556538     
   4.4000000000000004       -7576.6524977883355     
   4.5000000000000000       -7551.2575826799339     
   4.5999999999999996       -7512.8634039531253     
   4.7000000000000002       -7461.9340427305897     
   4.7999999999999998       -7398.9335801350044     
   4.9000000000000004       -7324.3260972890448     
   5.0000000000000000       -7238.5756753153910     
   5.0999999999999996       -7142.1463953367202     
   5.2000000000000002       -7035.5023384757078     
   5.2999999999999998       -6919.1075858550366     
   5.4000000000000004       -6793.4262185973794     
   5.5000000000000000       -6658.9223178254178     
   5.5999999999999996       -6516.0599646618275     
   5.7000000000000002       -6365.3032402292874     
   5.7999999999999998       -6207.1162256504740     
   5.9000000000000004       -6041.9630020480627     
   6.0000000000000000       -5870.3076505447370     
   6.0999999999999996       -5692.6142522631717     
   6.2000000000000002       -5509.3468883260421     
   6.2999999999999998       -5320.9696398560318     
   6.4000000000000004       -5127.9465879758109     
   6.5000000000000000       -4930.7418138080648     
   6.5999999999999996       -4729.8193984754671     
   6.7000000000000002       -4525.6434231006951     
   6.7999999999999998       -4318.6779688064298     
   6.9000000000000004       -4109.3871167153429     
   7.0000000000000000       -3898.2349479501199     
   7.0999999999999996       -3685.6855436334336     
   7.2000000000000002       -3472.2029848879624     
   7.2999999999999998       -3258.2513528363856     
   7.4000000000000004       -3044.2947286013787     
   7.5000000000000000       -2830.7971933056219     
   7.5999999999999996       -2618.2228280717927     
   7.7000000000000002       -2407.0357140225651     
   7.7999999999999998       -2197.6999322806219     
   7.9000000000000004       -1990.6795639686361     
   8.0000000000000000       -1786.4386902092904     
   8.0999999999999996       -1585.4413921252599     
   8.1999999999999993       -1388.1517508392224     
   8.3000000000000007       -1195.0338474738523     
   8.4000000000000004       -1006.5517631518347     
   8.5000000000000000       -823.16957899584327     
   8.5999999999999996       -645.35137612855601     
   8.6999999999999993       -473.56123567265047     
   8.8000000000000007       -308.26323875080175     
   8.9000000000000004       -149.92146648569332     
   9.0000000000000000        1.0000000000000000     
   9.0999999999999996        144.03707958360047     
   9.1999999999999993        278.72569114243038     
   9.3000000000000007        404.60175355381409     
   9.4000000000000004        521.20118569506940     
   9.5000000000000000        628.05990644352073     
   9.5999999999999996        724.71383467649059     
   9.6999999999999993        810.69888927130114     
   9.8000000000000007        885.55098910527590     
   9.9000000000000004        948.80605305573420     
   10.000000000000000        1000.0000000000000     
   10.100000000000000        1038.6687488153957     
   10.199999999999999        1064.3482183792428     
   10.300000000000001        1076.5743275688649     
   10.400000000000000        1074.8829952615824     
   10.500000000000000        1058.8101403347191     
   10.600000000000000        1027.8916816655963     
   10.699999999999999        981.66353813153717     
   10.800000000000001        919.66162860986185     
   10.900000000000000        841.42187197789542     
   11.000000000000000        746.48018711295856     
   11.100000000000000        634.37249289237411     
   11.199999999999999        504.63470819346412     
   11.300000000000001        356.80275189354813     
   11.400000000000000        190.41254286995346     
   11.500000000000000        5.0000000000000000     
   11.600000000000000       -199.89895783899001     
   11.699999999999999       -424.74841176969431     
   11.800000000000001       -670.01244291479520     
   11.900000000000000       -936.15513239696168     
   12.000000000000000       -1223.6405613388756     
