0.000   0.1000000E+01
0.005   0.9950000E+00   0.9088182E-04
0.010   0.9901821E+00   0.1807915E-03
0.015   0.9855451E+00   0.2696592E-03
0.020   0.9810879E+00   0.3574161E-03
0.025   0.9768091E+00   0.4439940E-03
0.030   0.9727073E+00   0.5293261E-03
0.035   0.9687806E+00   0.6133463E-03
0.040   0.9650274E+00   0.6959898E-03
0.045   0.9614458E+00   0.7771931E-03
0.050   0.9580335E+00   0.8568937E-03
0.055   0.9547884E+00   0.9350306E-03
0.060   0.9517082E+00   0.1011544E-02
0.065   0.9487902E+00   0.1086376E-02
0.070   0.9460320E+00   0.1159470E-02
0.075   0.9434308E+00   0.1230771E-02
0.080   0.9409836E+00   0.1300224E-02
0.085   0.9386874E+00   0.1367779E-02
0.090   0.9365392E+00   0.1433385E-02
0.095   0.9345356E+00   0.1496994E-02
0.100   0.9326734E+00   0.1558560E-02
0.105   0.9309489E+00   0.1618036E-02
0.110   0.9293587E+00   0.1675382E-02
0.115   0.9278990E+00   0.1730556E-02
0.120   0.9265661E+00   0.1783519E-02
0.125   0.9253560E+00   0.1834235E-02
0.130   0.9242648E+00   0.1882668E-02
0.135   0.9232883E+00   0.1928787E-02
0.140   0.9224224E+00   0.1972561E-02
0.145   0.9216628E+00   0.2013961E-02
0.150   0.9210053E+00   0.2052962E-02
0.155   0.9204454E+00   0.2089540E-02
0.160   0.9199785E+00   0.2123673E-02
0.165   0.9196003E+00   0.2155341E-02
0.170   0.9193060E+00   0.2184529E-02
0.175   0.9190910E+00   0.2211221E-02
0.180   0.9189506E+00   0.2235406E-02
0.185   0.9188800E+00   0.2257072E-02
0.190   0.9188743E+00   0.2276212E-02
0.195   0.9189288E+00   0.2292822E-02
0.200   0.9190386E+00   0.2306897E-02
0.205   0.9191987E+00   0.2318439E-02
0.210   0.9194042E+00   0.2327447E-02
0.215   0.9196501E+00   0.2333928E-02
0.220   0.9199314E+00   0.2337887E-02
0.225   0.9202432E+00   0.2339332E-02
0.230   0.9205804E+00   0.2338277E-02
0.235   0.9209381E+00   0.2334734E-02
0.240   0.9213112E+00   0.2328718E-02
0.245   0.9216948E+00   0.2320250E-02
0.250   0.9220838E+00   0.2309348E-02
0.255   0.9224734E+00   0.2296036E-02
0.260   0.9228586E+00   0.2280340E-02
0.265   0.9232344E+00   0.2262286E-02
0.270   0.9235961E+00   0.2241904E-02
0.275   0.9239386E+00   0.2219226E-02
0.280   0.9242574E+00   0.2194286E-02
0.285   0.9245475E+00   0.2167120E-02
0.290   0.9248044E+00   0.2137765E-02
0.295   0.9250233E+00   0.2106263E-02
0.300   0.9251996E+00   0.2072656E-02
0.305   0.9253289E+00   0.2036987E-02
0.310   0.9254067E+00   0.1999302E-02
0.315   0.9254285E+00   0.1959651E-02
0.320   0.9253902E+00   0.1918081E-02
0.325   0.9252873E+00   0.1874646E-02
0.330   0.9251159E+00   0.1829398E-02
0.335   0.9248719E+00   0.1782392E-02
0.340   0.9245512E+00   0.1733686E-02
0.345   0.9241501E+00   0.1683336E-02
0.350   0.9236648E+00   0.1631404E-02
0.355   0.9230915E+00   0.1577950E-02
0.360   0.9224269E+00   0.1523036E-02
0.365   0.9216673E+00   0.1466727E-02
0.370   0.9208095E+00   0.1409088E-02
0.375   0.9198503E+00   0.1350185E-02
0.380   0.9187866E+00   0.1290086E-02
0.385   0.9176154E+00   0.1228859E-02
0.390   0.9163339E+00   0.1166575E-02
0.395   0.9149393E+00   0.1103303E-02
0.400   0.9134292E+00   0.1039116E-02
0.405   0.9118009E+00   0.9740852E-03
0.410   0.9100524E+00   0.9082841E-03
0.415   0.9081812E+00   0.8417864E-03
0.420   0.9061855E+00   0.7746663E-03
0.425   0.9040634E+00   0.7069988E-03
0.430   0.9018130E+00   0.6388590E-03
0.435   0.8994328E+00   0.5703226E-03
0.440   0.8969214E+00   0.5014657E-03
0.445   0.8942774E+00   0.4323643E-03
0.450   0.8914997E+00   0.3630948E-03
0.455   0.8885873E+00   0.2937336E-03
0.460   0.8855393E+00   0.2243571E-03
0.465   0.8823551E+00   0.1550418E-03
0.470   0.8790340E+00   0.8586370E-04
0.475   0.8755758E+00   0.1689891E-04
0.480   0.8719801E+00   0.5177693E-04
0.485   0.8682468E+00   0.1200885E-03
0.490   0.8643761E+00   0.1879609E-03
0.495   0.8603682E+00   0.2553198E-03
0.500   0.8562234E+00   0.3220914E-03
0.505   0.8519423E+00   0.3882026E-03
0.510   0.8475255E+00   0.4535810E-03
0.515   0.8429740E+00   0.5181551E-03
0.520   0.8382885E+00   0.5818542E-03
0.525   0.8334704E+00   0.6446084E-03
0.530   0.8285209E+00   0.7063490E-03
0.535   0.8234414E+00   0.7670085E-03
0.540   0.8182335E+00   0.8265201E-03
0.545   0.8128989E+00   0.8848187E-03
0.550   0.8074394E+00   0.9418401E-03
0.555   0.8018571E+00   0.9975217E-03
0.560   0.7961541E+00   0.1051802E-02
0.565   0.7903328E+00   0.1104621E-02
0.570   0.7843954E+00   0.1155922E-02
0.575   0.7783445E+00   0.1205645E-02
0.580   0.7721828E+00   0.1253738E-02
0.585   0.7659131E+00   0.1300146E-02
0.590   0.7595383E+00   0.1344817E-02
0.595   0.7530615E+00   0.1387702E-02
0.600   0.7464858E+00   0.1428753E-02
0.605   0.7398144E+00   0.1467922E-02
0.610   0.7330508E+00   0.1505167E-02
0.615   0.7261985E+00   0.1540444E-02
0.620   0.7192609E+00   0.1573714E-02
0.625   0.7122419E+00   0.1604937E-02
0.630   0.7051451E+00   0.1634078E-02
0.635   0.6979746E+00   0.1661103E-02
0.640   0.6907341E+00   0.1685980E-02
0.645   0.6834279E+00   0.1708679E-02
0.650   0.6760600E+00   0.1729172E-02
0.655   0.6686346E+00   0.1747435E-02
0.660   0.6611560E+00   0.1763443E-02
0.665   0.6536286E+00   0.1777178E-02
0.670   0.6460567E+00   0.1788619E-02
0.675   0.6384449E+00   0.1797751E-02
0.680   0.6307977E+00   0.1804561E-02
0.685   0.6231195E+00   0.1809036E-02
0.690   0.6154152E+00   0.1811168E-02
0.695   0.6076892E+00   0.1810951E-02
0.700   0.5999464E+00   0.1808379E-02
0.705   0.5921914E+00   0.1803451E-02
0.710   0.5844289E+00   0.1796167E-02
0.715   0.5766639E+00   0.1786531E-02
0.720   0.5689010E+00   0.1774547E-02
0.725   0.5611450E+00   0.1760223E-02
0.730   0.5534009E+00   0.1743569E-02
0.735   0.5456733E+00   0.1724598E-02
0.740   0.5379671E+00   0.1703323E-02
0.745   0.5302871E+00   0.1679763E-02
0.750   0.5226382E+00   0.1653937E-02
0.755   0.5150250E+00   0.1625865E-02
0.760   0.5074523E+00   0.1595572E-02
0.765   0.4999249E+00   0.1563084E-02
0.770   0.4924475E+00   0.1528430E-02
0.775   0.4850247E+00   0.1491639E-02
0.780   0.4776611E+00   0.1452745E-02
0.785   0.4703614E+00   0.1411782E-02
0.790   0.4631300E+00   0.1368788E-02
0.795   0.4559714E+00   0.1323801E-02
0.800   0.4488901E+00   0.1276862E-02
0.805   0.4418904E+00   0.1228015E-02
0.810   0.4349765E+00   0.1177303E-02
0.815   0.4281527E+00   0.1124775E-02
0.820   0.4214232E+00   0.1070478E-02
0.825   0.4147919E+00   0.1014463E-02
0.830   0.4082630E+00   0.9567821E-03
0.835   0.4018401E+00   0.8974892E-03
0.840   0.3955272E+00   0.8366397E-03
0.845   0.3893279E+00   0.7742908E-03
0.850   0.3832459E+00   0.7105011E-03
0.855   0.3772846E+00   0.6453305E-03
0.860   0.3714474E+00   0.5788407E-03
0.865   0.3657376E+00   0.5110943E-03
0.870   0.3601583E+00   0.4421556E-03
0.875   0.3547127E+00   0.3720899E-03
0.880   0.3494036E+00   0.3009636E-03
0.885   0.3442338E+00   0.2288443E-03
0.890   0.3392061E+00   0.1558006E-03
0.895   0.3343230E+00   0.8190218E-04
0.900   0.3295868E+00   0.7219353E-05
0.905   0.3249999E+00   0.6817658E-04
0.910   0.3205645E+00   0.1442136E-03
0.915   0.3162826E+00   0.2208191E-03
0.920   0.3121560E+00   0.2979197E-03
0.925   0.3081864E+00   0.3754416E-03
0.930   0.3043755E+00   0.4533106E-03
0.935   0.3007247E+00   0.5314520E-03
0.940   0.2972354E+00   0.6097908E-03
0.945   0.2939086E+00   0.6882520E-03
0.950   0.2907453E+00   0.7667600E-03
0.955   0.2877465E+00   0.8452394E-03
0.960   0.2849128E+00   0.9236149E-03
0.965   0.2822448E+00   0.1001811E-02
0.970   0.2797429E+00   0.1079753E-02
0.975   0.2774073E+00   0.1157364E-02
0.980   0.2752381E+00   0.1234572E-02
0.985   0.2732352E+00   0.1311301E-02
0.990   0.2713985E+00   0.1387477E-02
0.995   0.2697275E+00   0.1463026E-02
1.000   0.2682219E+00   0.1537877E-02
