        0.000000000      990.000000000       10.000000000        0.000000000
        1.000000000      983.952496840       14.822031297        1.225471863
        2.000000000      975.073025380       21.888436366        3.038538253
        3.000000000      962.141206181       32.149994854        5.708798965
        4.000000000      943.529132166       46.855207486        9.615660349
        5.000000000      917.191971543       67.530155789       15.277872668
        6.000000000      880.801104425       95.823812507       23.375083068
        7.000000000      832.133747059      133.123092546       34.743160395
        8.000000000      769.797319947      179.885873295       50.316806757
        9.000000000      694.183287302      234.821186638       70.995526060
       10.000000000      608.216868861      294.346408071       97.436723069
       11.000000000      517.261105913      352.905438002      129.833456085
       12.000000000      427.870222283      404.350921851      167.778855865
       13.000000000      345.923521519      443.777117476      210.299361005
       14.000000000      275.192724004      468.758075861      256.049200135
       15.000000000      216.992674530      479.435293603      303.572031867
       16.000000000      170.735340450      477.741281841      351.523377710
       17.000000000      134.793162646      466.407246037      398.799591317
       18.000000000      107.217675919      448.205277732      444.577046349
       19.000000000       86.166923329      425.539989487      488.293087184
       20.000000000       70.088064807      400.311276085      529.600659108
       21.000000000       57.752684157      373.929568677      568.317747167
       22.000000000       48.223670019      347.394255274      604.382074707
       23.000000000       40.800263748      321.385153841      637.814582410
       24.000000000       34.963461812      296.344832615      668.691705573
       25.000000000       30.329987639      272.544909288      697.125103073
       26.000000000       26.616372878      250.136422222      723.247204900
       27.000000000       23.612047781      229.186848052      747.201104167
       28.000000000       21.159617286      209.706773394      769.133609319
       29.000000000       19.140561138      191.668879697      789.190559166
       30.000000000       17.464909690      175.021348260      807.513742050
       31.000000000       16.063789063      159.697266644      824.238944292
       32.000000000       14.884022318      145.621188872      839.494788810
       33.000000000       13.884200879      132.713676165      853.402122955
       34.000000000       13.031808709      120.894406539      866.073784752
       35.000000000       12.301102933      110.084270605      877.614626462
       36.000000000       11.671540733      100.206749495      888.121709772
       37.000000000       11.126603036       91.188785059      897.684611905
       38.000000000       10.652908320       82.961291890      906.385799790
       39.000000000       10.239539988       75.459417893      914.301042119
       40.000000000        9.877532078       68.622629766      921.499838156
       41.000000000        9.559473168       62.394678131      928.045848700
       42.000000000        9.279199181       56.723481590      933.997319229
       43.000000000        9.031553469       51.560957928      939.407488603
       44.000000000        8.812198216       46.862822667      944.324979118
       45.000000000        8.617465202       42.588369397      948.794165401
       46.000000000        8.444236992       38.700242139      952.855520869
       47.000000000        8.289851757       35.164206910      956.545941333
       48.000000000        8.152026595       31.948927471      959.899045934
       49.000000000        8.028795393       29.025748598      962.945456009
       50.000000000        7.918458205       26.368489040      965.713052755
       51.000000000        7.819539793       23.953245483      968.227214724
       52.000000000        7.730755488       21.758208206      970.511036306
       53.000000000        7.650982951       19.763488683      972.585528365
       54.000000000        7.579238697       17.950959065      974.469802239
       55.000000000        7.514658481       16.304103260      976.181238259
       56.000000000        7.456480854       14.807879192      977.735639954
       57.000000000        7.404033293       13.448591698      979.147375009
       58.000000000        7.356720472       12.213775508      980.429504020
       59.000000000        7.314014299       11.092087667      981.593898034
       60.000000000        7.275445406       10.073208824      982.651345770
       61.000000000        7.240595880        9.147752733      983.611651387
       62.000000000        7.209092997        8.307183406      984.483723597
       63.000000000        7.180603834        7.543739329      985.275656837
       64.000000000        7.154830599        6.850364193      985.994805208
       65.000000000        7.131506581        6.220643639      986.647849781
       66.000000000        7.110392621        5.648747521      987.240859858
       67.000000000        7.091274033        5.129377239      987.779348728
       68.000000000        7.073957907        4.657717717      988.268324376
       69.000000000        7.058270742        4.229393643      988.712335616
       70.000000000        7.044056361        3.840429598      989.115514041
       71.000000000        7.031174075        3.487213751      989.481612175
       72.000000000        7.019497057        3.166464800      989.814038142
       73.000000000        7.008910905        2.875201891      990.115887204
       74.000000000        6.999312359        2.610717237      990.389970404
       75.000000000        6.990608174        2.370551213      990.638840613
       76.000000000        6.982714100        2.152469702      990.864816198
       77.000000000        6.975553987        1.954443494      991.070002520
       78.000000000        6.969058971        1.774629551      991.256311478
       79.000000000        6.963166762        1.611353978      991.425479260
       80.000000000        6.957820991        1.463096538      991.579082470
       81.000000000        6.952970635        1.328476584      991.718552780
       82.000000000        6.948569496        1.206240265      991.845190239
       83.000000000        6.944575734        1.095248906      991.960175360
       84.000000000        6.940951447        0.994468448      992.064580106
       85.000000000        6.937662293        0.902959847      992.159377860
       86.000000000        6.934677152        0.819870364      992.245452484
       87.000000000        6.931967815        0.744425635      992.323606550
       88.000000000        6.929508711        0.675922481      992.394568808
       89.000000000        6.927276654        0.613722370      992.459000976
       90.000000000        6.925250621        0.557245479      992.517503900
       91.000000000        6.923411544        0.505965301      992.570623154
       92.000000000        6.921742132        0.459403749      992.618854120
       93.000000000        6.920226696        0.417126700      992.662646604
       94.000000000        6.918851008        0.378739961      992.702409031
       95.000000000        6.917602157        0.343885597      992.738512246
       96.000000000        6.916468429        0.312238595      992.771292975
       97.000000000        6.915439198        0.283503841      992.801056961
       98.000000000        6.914504817        0.257413369      992.828081814
       99.000000000        6.913656536        0.233723862      992.852619602
      100.000000000        6.912886412        0.212214393      992.874899195
      101.000000000        6.912187236        0.192684357      992.895128408
      102.000000000        6.911552466        0.174951606      992.913495927
      103.000000000        6.910976165        0.158850754      992.930173081
      104.000000000        6.910452943        0.144231628      992.945315429
      105.000000000        6.909977907        0.130957877      992.959064216
      106.000000000        6.909546618        0.118905692      992.971547690
      107.000000000        6.909155044        0.107962660      992.982882296
      108.000000000        6.908799527        0.098026709      992.993173764
      109.000000000        6.908476744        0.089005163      993.002518093
      110.000000000        6.908183680        0.080813871      993.011002449
      111.000000000        6.907917598        0.073376427      993.018705975
      112.000000000        6.907676014        0.066623455      993.025700531
      113.000000000        6.907456670        0.060491965      993.032051365
      114.000000000        6.907257518        0.054924763      993.037817719
      115.000000000        6.907076700        0.049869917      993.043053382
      116.000000000        6.906912527        0.045280276      993.047807196
      117.000000000        6.906763467        0.041113027      993.052123506
      118.000000000        6.906628128        0.037329297      993.056042575
      119.000000000        6.906505247        0.033893790      993.059600963
      120.000000000        6.906393677        0.030774460      993.062831864
      121.000000000        6.906292376        0.027942207      993.065765417
      122.000000000        6.906200400        0.025370614      993.068428987
      123.000000000        6.906116889        0.023035689      993.070847422
      124.000000000        6.906041065        0.020915653      993.073043282
      125.000000000        6.905972220        0.018990729      993.075037051
      126.000000000        6.905909712        0.017242960      993.076847328
      127.000000000        6.905852957        0.015656043      993.078491000
      128.000000000        6.905801426        0.014215174      993.079983401
      129.000000000        6.905754637        0.012906911      993.081338452
      130.000000000        6.905712155        0.011719052      993.082568793
      131.000000000        6.905673583        0.010640514      993.083685903
      132.000000000        6.905638561        0.009661237      993.084700202
      133.000000000        6.905606762        0.008772085      993.085621152
      134.000000000        6.905577890        0.007964765      993.086457345
      135.000000000        6.905551676        0.007231745      993.087216580
      136.000000000        6.905527874        0.006566186      993.087905940
      137.000000000        6.905506262        0.005961881      993.088531857
      138.000000000        6.905486640        0.005413191      993.089100169
      139.000000000        6.905468823        0.004914999      993.089616177
      140.000000000        6.905452647        0.004462657      993.090084696
      141.000000000        6.905437959        0.004051946      993.090510095
      142.000000000        6.905424623        0.003679033      993.090896344
      143.000000000        6.905412514        0.003340441      993.091247045
      144.000000000        6.905401520        0.003033010      993.091565470
      145.000000000        6.905391537        0.002753873      993.091854589
      146.000000000        6.905382474        0.002500426      993.092117100
      147.000000000        6.905374244        0.002270304      993.092355451
      148.000000000        6.905366772        0.002061361      993.092571866
      149.000000000        6.905359988        0.001871648      993.092768364
      150.000000000        6.905353828        0.001699395      993.092946778
      151.000000000        6.905348234        0.001542994      993.093108771
      152.000000000        6.905343156        0.001400988      993.093255856
      153.000000000        6.905338545        0.001272051      993.093389404
      154.000000000        6.905334359        0.001154980      993.093510661
      155.000000000        6.905330557        0.001048684      993.093620759
      156.000000000        6.905327106        0.000952170      993.093720724
      157.000000000        6.905323972        0.000864539      993.093811489
      158.000000000        6.905321127        0.000784973      993.093893900
      159.000000000        6.905318543        0.000712730      993.093968727
      160.000000000        6.905316197        0.000647135      993.094036668
      161.000000000        6.905314067        0.000587577      993.094098355
      162.000000000        6.905312134        0.000533501      993.094154366
      163.000000000        6.905310378        0.000484401      993.094205221
      164.000000000        6.905308783        0.000439820      993.094251396
      165.000000000        6.905307336        0.000399342      993.094293322
      166.000000000        6.905306022        0.000362589      993.094331389
      167.000000000        6.905304828        0.000329219      993.094365953
      168.000000000        6.905303745        0.000298920      993.094397335
      169.000000000        6.905302761        0.000271410      993.094425829
      170.000000000        6.905301868        0.000246431      993.094451701
      171.000000000        6.905301057        0.000223751      993.094475192
      172.000000000        6.905300320        0.000203159      993.094496521
      173.000000000        6.905299652        0.000184461      993.094515887
      174.000000000        6.905299044        0.000167485      993.094533471
      175.000000000        6.905298493        0.000152071      993.094549436
      176.000000000        6.905297993        0.000138075      993.094563932
      177.000000000        6.905297538        0.000125368      993.094577094
      178.000000000        6.905297126        0.000113830      993.094589045
      179.000000000        6.905296751        0.000103354      993.094599895
      180.000000000        6.905296411        0.000093842      993.094609747
      181.000000000        6.905296102        0.000085205      993.094618693
      182.000000000        6.905295822        0.000077363      993.094626815
      183.000000000        6.905295567        0.000070243      993.094634190
      184.000000000        6.905295336        0.000063779      993.094640885
      185.000000000        6.905295126        0.000057909      993.094646965
      186.000000000        6.905294935        0.000052579      993.094652485
      187.000000000        6.905294762        0.000047740      993.094657497
      188.000000000        6.905294605        0.000043347      993.094662048
      189.000000000        6.905294462        0.000039357      993.094666180
      190.000000000        6.905294333        0.000035735      993.094669932
      191.000000000        6.905294215        0.000032446      993.094673338
      192.000000000        6.905294108        0.000029460      993.094676431
      193.000000000        6.905294012        0.000026749      993.094679240
      194.000000000        6.905293923        0.000024287      993.094681789
      195.000000000        6.905293844        0.000022052      993.094684105
      196.000000000        6.905293771        0.000020022      993.094686207
      197.000000000        6.905293705        0.000018180      993.094688115
      198.000000000        6.905293645        0.000016507      993.094689848
      199.000000000        6.905293591        0.000014987      993.094691422
      200.000000000        6.905293542        0.000013608      993.094692850
