    t          caso 1          caso 2          caso 3          caso 4          caso 5          caso 6
 0.000    0.5000000E+00    0.2000000E+01    0.3141593E+01    0.3600000E+01    0.5500000E+01    0.6283185E+01
 0.200    0.4818120E+00    0.1839068E+01    0.2872024E+01    0.3286808E+01    0.5005999E+01    0.5714655E+01
 0.300    0.5295703E+00    0.1757667E+01    0.2692324E+01    0.3067636E+01    0.4623225E+01    0.5264443E+01
 0.400    0.5546178E+00    0.1665845E+01    0.2511558E+01    0.2851155E+01    0.4258710E+01    0.4838908E+01
 0.500    0.5302991E+00    0.1535780E+01    0.2301012E+01    0.2608292E+01    0.3881901E+01    0.4406886E+01
 0.600    0.4504413E+00    0.1360238E+01    0.2052649E+01    0.2330687E+01    0.3483096E+01    0.3958122E+01
 0.700    0.3315568E+00    0.1154775E+01    0.1781294E+01    0.2032874E+01    0.3075616E+01    0.3505438E+01
 0.800    0.2063962E+00    0.9512747E+00    0.1518173E+01    0.1745812E+01    0.2689324E+01    0.3078243E+01
 0.900    0.1113123E+00    0.7853063E+00    0.1298257E+01    0.1504233E+01    0.2357959E+01    0.2709867E+01
 1.000    0.7225943E-01    0.6821144E+00    0.1146252E+01    0.1332626E+01    0.2105109E+01    0.2423529E+01
 1.100    0.9477629E-01    0.6465960E+00    0.1066565E+01    0.1235204E+01    0.1934175E+01    0.2222293E+01
 1.200    0.1617766E+00    0.6610837E+00    0.1041087E+01    0.1193678E+01    0.1826134E+01    0.2086834E+01
 1.300    0.2399902E+00    0.6917821E+00    0.1035624E+01    0.1173693E+01    0.1745963E+01    0.1981854E+01
 1.400    0.2925949E+00    0.7013931E+00    0.1012514E+01    0.1137444E+01    0.1655255E+01    0.1868699E+01
 1.500    0.2932110E+00    0.6631069E+00    0.9446205E+00    0.1057663E+01    0.1526197E+01    0.1719329E+01
 1.600    0.2359150E+00    0.5706107E+00    0.8253348E+00    0.9276195E+00    0.1351567E+01    0.1526320E+01
 1.700    0.1374454E+00    0.4402906E+00    0.6707745E+00    0.7633255E+00    0.1146929E+01    0.1305052E+01
 1.800    0.3075696E-01    0.3047827E+00    0.5133332E+00    0.5970768E+00    0.9441760E+00    0.1087251E+01
 1.900   -0.4761267E-01    0.2003361E+00    0.3890404E+00    0.4648147E+00    0.7788831E+00    0.9083430E+00
 2.000   -0.7154187E-01    0.1528114E+00    0.3235582E+00    0.3921217E+00    0.6763025E+00    0.7934427E+00
 2.100   -0.3534052E-01    0.1676628E+00    0.3221608E+00    0.3841996E+00    0.6413371E+00    0.7473299E+00
 2.200    0.4404199E-01    0.2277270E+00    0.3675226E+00    0.4236576E+00    0.6563253E+00    0.7522316E+00
 2.300    0.1334596E+00    0.2996647E+00    0.4261570E+00    0.4769501E+00    0.6874765E+00    0.7742561E+00
 2.400    0.1962020E+00    0.3465905E+00    0.4610455E+00    0.5070050E+00    0.6974972E+00    0.7760186E+00
 2.500    0.2059910E+00    0.3420683E+00    0.4456314E+00    0.4872173E+00    0.6595818E+00    0.7306309E+00
 2.600    0.1569952E+00    0.2801229E+00    0.3738308E+00    0.4114592E+00    0.5674211E+00    0.6317090E+00
 2.700    0.6603570E-01    0.1774463E+00    0.2622367E+00    0.2962843E+00    0.4374045E+00    0.4955746E+00
 2.800   -0.3385717E-01    0.6695134E-01    0.1436729E+00    0.1744804E+00    0.3021712E+00    0.3548057E+00
 2.900   -0.1060780E+00   -0.1486264E-01    0.5455786E-01    0.8243371E-01    0.1979731E+00    0.2455988E+00
 3.000   -0.1244435E+00   -0.4190841E-01    0.2090586E-01    0.4612897E-01    0.1506734E+00    0.1937669E+00
 3.100   -0.8320786E-01   -0.8527052E-02    0.4830965E-01    0.7113247E-01    0.1657282E+00    0.2047208E+00
 3.200    0.7298254E-03    0.6830382E-01    0.1197318E+00    0.1403827E+00    0.2259765E+00    0.2612584E+00
 3.300    0.9426912E-01    0.1554126E+00    0.2019466E+00    0.2206323E+00    0.2980807E+00    0.3300052E+00
 3.400    0.1607410E+00    0.2160659E+00    0.2581716E+00    0.2750791E+00    0.3451573E+00    0.3740438E+00
 3.500    0.1739046E+00    0.2239646E+00    0.2620634E+00    0.2773620E+00    0.3407714E+00    0.3669090E+00
 3.600    0.1279621E+00    0.1732584E+00    0.2077316E+00    0.2215743E+00    0.2789495E+00    0.3025998E+00
 3.700    0.3976553E-01    0.8075125E-01    0.1119439E+00    0.1244693E+00    0.1763846E+00    0.1977842E+00
 3.800   -0.5762741E-01   -0.2054199E-01    0.7682299E-02    0.1901578E-01    0.6599064E-01    0.8535381E-01
 3.900   -0.1275862E+00   -0.9402989E-01   -0.6849149E-01   -0.5823653E-01   -0.1573191E-01    0.1788605E-02
 4.000   -0.1439049E+00   -0.1135419E+00   -0.9043381E-01   -0.8115473E-01   -0.4269497E-01   -0.2684174E-01
 4.100   -0.1008173E+00   -0.7334373E-01   -0.5243465E-01   -0.4403860E-01   -0.9238758E-02    0.5105834E-02
 4.200   -0.1520384E-01    0.9655261E-02    0.2857458E-01    0.3617164E-01    0.6765984E-01    0.8063936E-01
 4.300    0.7985174E-01    0.1023452E+00    0.1194641E+00    0.1263382E+00    0.1548299E+00    0.1665743E+00
 4.400    0.1476956E+00    0.1680485E+00    0.1835383E+00    0.1897583E+00    0.2155386E+00    0.2261654E+00
 4.500    0.1621006E+00    0.1805167E+00    0.1945325E+00    0.2001605E+00    0.2234876E+00    0.2331030E+00
 4.600    0.1172815E+00    0.1339450E+00    0.1466270E+00    0.1517195E+00    0.1728267E+00    0.1815271E+00
 4.700    0.3010127E-01    0.4517908E-01    0.5665423E-01    0.6126209E-01    0.8036065E-01    0.8823314E-01
 4.800   -0.6637199E-01   -0.5272902E-01   -0.4234587E-01   -0.3817651E-01   -0.2089541E-01   -0.1377210E-01
 4.900   -0.1354986E+00   -0.1231539E+00   -0.1137589E+00   -0.1099863E+00   -0.9434968E-01   -0.8790423E-01
 5.000   -0.1510643E+00   -0.1398944E+00   -0.1313934E+00   -0.1279798E+00   -0.1138313E+00   -0.1079992E+00
 5.100   -0.1072954E+00   -0.9718847E-01   -0.8949644E-01   -0.8640771E-01   -0.7360555E-01   -0.6832846E-01
 5.200   -0.2106552E-01   -0.1192036E-01   -0.4960324E-02   -0.2165518E-02    0.9418354E-02    0.1419326E-01
 5.300    0.7454788E-01    0.8282276E-01    0.8912046E-01    0.9164931E-01    0.1021308E+00    0.1064513E+00
 5.400    0.1428964E+00    0.1503839E+00    0.1560823E+00    0.1583705E+00    0.1678545E+00    0.1717639E+00
 5.500    0.1577582E+00    0.1645331E+00    0.1696892E+00    0.1717597E+00    0.1803412E+00    0.1838785E+00
 5.600    0.1133523E+00    0.1194825E+00    0.1241479E+00    0.1260213E+00    0.1337862E+00    0.1369870E+00
 5.700    0.2654598E-01    0.3209280E-01    0.3631428E-01    0.3800942E-01    0.4503539E-01    0.4793152E-01
 5.800   -0.6958895E-01   -0.6456998E-01   -0.6075023E-01   -0.5921640E-01   -0.5285904E-01   -0.5023851E-01
 5.900   -0.1384094E+00   -0.1338681E+00   -0.1304118E+00   -0.1290239E+00   -0.1232716E+00   -0.1209004E+00
 6.000   -0.1536982E+00   -0.1495890E+00   -0.1464616E+00   -0.1452058E+00   -0.1400009E+00   -0.1378554E+00
 6.100   -0.1096786E+00   -0.1059605E+00   -0.1031307E+00   -0.1019944E+00   -0.9728479E-01   -0.9534346E-01
 6.200   -0.2322191E-01   -0.1985759E-01   -0.1729714E-01   -0.1626898E-01   -0.1200751E-01   -0.1025092E-01
 6.300    0.7259669E-01    0.7564086E-01    0.7795765E-01    0.7888796E-01    0.8274390E-01    0.8433333E-01
 6.400    0.1411309E+00    0.1438854E+00    0.1459817E+00    0.1468235E+00    0.1503125E+00    0.1517507E+00
 6.500    0.1561607E+00    0.1586530E+00    0.1605499E+00    0.1613116E+00    0.1644685E+00    0.1657698E+00
 6.600    0.1119068E+00    0.1141620E+00    0.1158783E+00    0.1165675E+00    0.1194240E+00    0.1206015E+00
 6.700    0.2523806E-01    0.2727863E-01    0.2883162E-01    0.2945523E-01    0.3203994E-01    0.3310537E-01
 6.800   -0.7077240E-01   -0.6892602E-01   -0.6752082E-01   -0.6695655E-01   -0.6461781E-01   -0.6365377E-01
 6.900   -0.1394802E+00   -0.1378096E+00   -0.1365381E+00   -0.1360275E+00   -0.1339113E+00   -0.1330390E+00
 7.000   -0.1546671E+00   -0.1531554E+00   -0.1520049E+00   -0.1515429E+00   -0.1496281E+00   -0.1488389E+00
 7.100   -0.1105553E+00   -0.1091875E+00   -0.1081465E+00   -0.1077285E+00   -0.1059959E+00   -0.1052817E+00
 7.200   -0.2401520E-01   -0.2277754E-01   -0.2183560E-01   -0.2145736E-01   -0.1988965E-01   -0.1924344E-01
 7.300    0.7187889E-01    0.7299878E-01    0.7385108E-01    0.7419332E-01    0.7561184E-01    0.7619656E-01
 7.400    0.1404814E+00    0.1414948E+00    0.1422659E+00    0.1425756E+00    0.1438592E+00    0.1443882E+00
 7.500    0.1555730E+00    0.1564899E+00    0.1571877E+00    0.1574679E+00    0.1586293E+00    0.1591080E+00
 7.600    0.1113750E+00    0.1122047E+00    0.1128361E+00    0.1130896E+00    0.1141405E+00    0.1145737E+00
 7.700    0.2475690E-01    0.2550759E-01    0.2607890E-01    0.2630831E-01    0.2725918E-01    0.2765113E-01
 7.800   -0.7120777E-01   -0.7052853E-01   -0.7001158E-01   -0.6980400E-01   -0.6894362E-01   -0.6858897E-01
 7.900   -0.1398742E+00   -0.1392596E+00   -0.1387918E+00   -0.1386040E+00   -0.1378255E+00   -0.1375046E+00
 8.000   -0.1550235E+00   -0.1544674E+00   -0.1540442E+00   -0.1538742E+00   -0.1531698E+00   -0.1528795E+00
 8.100   -0.1108779E+00   -0.1103747E+00   -0.1099917E+00   -0.1098379E+00   -0.1092005E+00   -0.1089378E+00
 8.200   -0.2430704E-01   -0.2385173E-01   -0.2350521E-01   -0.2336606E-01   -0.2278933E-01   -0.2255160E-01
 8.300    0.7161483E-01    0.7202681E-01    0.7234036E-01    0.7246626E-01    0.7298811E-01    0.7320321E-01
 8.400    0.1402425E+00    0.1406153E+00    0.1408990E+00    0.1410129E+00    0.1414851E+00    0.1416797E+00
 8.500    0.1553568E+00    0.1556941E+00    0.1559508E+00    0.1560539E+00    0.1564812E+00    0.1566573E+00
 8.600    0.1111794E+00    0.1114846E+00    0.1117169E+00    0.1118102E+00    0.1121968E+00    0.1123561E+00
 8.700    0.2457990E-01    0.2485606E-01    0.2506623E-01    0.2515063E-01    0.2550043E-01    0.2564462E-01
 8.800   -0.7136794E-01   -0.7111806E-01   -0.7092788E-01   -0.7085152E-01   -0.7053500E-01   -0.7040453E-01
 8.900   -0.1400191E+00   -0.1397930E+00   -0.1396209E+00   -0.1395518E+00   -0.1392654E+00   -0.1391474E+00
 9.000   -0.1551547E+00   -0.1549501E+00   -0.1547944E+00   -0.1547319E+00   -0.1544727E+00   -0.1543659E+00
 9.100   -0.1109965E+00   -0.1108114E+00   -0.1106705E+00   -0.1106139E+00   -0.1103795E+00   -0.1102828E+00
 9.200   -0.2441440E-01   -0.2424690E-01   -0.2411942E-01   -0.2406823E-01   -0.2385607E-01   -0.2376861E-01
 9.300    0.7151768E-01    0.7166924E-01    0.7178459E-01    0.7183091E-01    0.7202288E-01    0.7210202E-01
 9.400    0.1401546E+00    0.1402917E+00    0.1403961E+00    0.1404380E+00    0.1406117E+00    0.1406833E+00
 9.500    0.1552773E+00    0.1554014E+00    0.1554958E+00    0.1555337E+00    0.1556909E+00    0.1557557E+00
 9.600    0.1111075E+00    0.1112197E+00    0.1113052E+00    0.1113395E+00    0.1114817E+00    0.1115403E+00
 9.700    0.2451478E-01    0.2461637E-01    0.2469369E-01    0.2472474E-01    0.2485343E-01    0.2490647E-01
 9.800   -0.7142686E-01   -0.7133493E-01   -0.7126497E-01   -0.7123688E-01   -0.7112044E-01   -0.7107244E-01
 9.900   -0.1400724E+00   -0.1399892E+00   -0.1399259E+00   -0.1399005E+00   -0.1397952E+00   -0.1397517E+00
10.000   -0.1552029E+00   -0.1551277E+00   -0.1550704E+00   -0.1550474E+00   -0.1549520E+00   -0.1549127E+00
