        0.000000000        0.500000000        0.000000000
        0.010000000        0.499760305       -0.047935541
        0.020000000        0.499041429       -0.095829010
        0.030000000        0.497844005       -0.143638337
        0.040000000        0.496169083       -0.191321463
        0.050000000        0.494018137       -0.238836340
        0.060000000        0.491393057       -0.286140939
        0.070000000        0.488296159       -0.333193258
        0.080000000        0.484730173       -0.379951326
        0.090000000        0.480698253       -0.426373217
        0.100000000        0.476203969       -0.472417060
        0.110000000        0.471251311       -0.518041054
        0.120000000        0.465844687       -0.563203482
        0.130000000        0.459988919       -0.607862730
        0.140000000        0.453689248       -0.651977311
        0.150000000        0.446951326       -0.695505885
        0.160000000        0.439781221       -0.738407291
        0.170000000        0.432185408       -0.780640573
        0.180000000        0.424170772       -0.822165015
        0.190000000        0.415744605       -0.862940179
        0.200000000        0.406914600       -0.902925941
        0.210000000        0.397688850       -0.942082538
        0.220000000        0.388075844       -0.980370612
        0.230000000        0.378084463       -1.017751259
        0.240000000        0.367723972       -1.054186082
        0.250000000        0.357004020       -1.089637245
        0.260000000        0.345934630       -1.124067531
        0.270000000        0.334526195       -1.157440402
        0.280000000        0.322789467       -1.189720061
        0.290000000        0.310735554       -1.220871517
        0.300000000        0.298375911       -1.250860648
        0.310000000        0.285722327       -1.279654272
        0.320000000        0.272786918       -1.307220210
        0.330000000        0.259582119       -1.333527359
        0.340000000        0.246120667       -1.358545759
        0.350000000        0.232415596       -1.382246659
        0.360000000        0.218480218       -1.404602590
        0.370000000        0.204328115       -1.425587425
        0.380000000        0.189973122       -1.445176452
        0.390000000        0.175429316       -1.463346431
        0.400000000        0.160710997       -1.480075655
        0.410000000        0.145832673       -1.495344014
        0.420000000        0.130809048       -1.509133043
        0.430000000        0.115655000       -1.521425978
        0.440000000        0.100385566       -1.532207800
        0.450000000        0.085015925       -1.541465280
        0.460000000        0.069561380       -1.549187017
        0.470000000        0.054037336       -1.555363472
        0.480000000        0.038459287       -1.559986993
        0.490000000        0.022842792       -1.563051841
        0.500000000        0.007203459       -1.564554207
        0.510000000       -0.008443077       -1.564492221
        0.520000000       -0.024081171       -1.562865962
        0.530000000       -0.039695188       -1.559677451
        0.540000000       -0.055269525       -1.554930652
        0.550000000       -0.070788626       -1.548631456
        0.560000000       -0.086237005       -1.540787665
        0.570000000       -0.101599262       -1.531408967
        0.580000000       -0.116860106       -1.520506909
        0.590000000       -0.132004367       -1.508094863
        0.600000000       -0.147017020       -1.494187988
        0.610000000       -0.161883200       -1.478803185
        0.620000000       -0.176588219       -1.461959051
        0.630000000       -0.191117583       -1.443675825
        0.640000000       -0.205457011       -1.423975336
        0.650000000       -0.219592443       -1.402880945
        0.660000000       -0.233510065       -1.380417477
        0.670000000       -0.247196316       -1.356611168
        0.680000000       -0.260637904       -1.331489592
        0.690000000       -0.273821820       -1.305081597
        0.700000000       -0.286735348       -1.277417237
        0.710000000       -0.299366080       -1.248527703
        0.720000000       -0.311701925       -1.218445254
        0.730000000       -0.323731120       -1.187203151
        0.740000000       -0.335442237       -1.154835586
        0.750000000       -0.346824196       -1.121377617
        0.760000000       -0.357866273       -1.086865102
        0.770000000       -0.368558105       -1.051334634
        0.780000000       -0.378889697       -1.014823483
        0.790000000       -0.388851432       -0.977369531
        0.800000000       -0.398434073       -0.939011216
        0.810000000       -0.407628771       -0.899787480
        0.820000000       -0.416427069       -0.859737716
        0.830000000       -0.424820904       -0.818901717
        0.840000000       -0.432802616       -0.777319632
        0.850000000       -0.440364945       -0.735031924
        0.860000000       -0.447501038       -0.692079329
        0.870000000       -0.454204452       -0.648502819
        0.880000000       -0.460469152       -0.604343573
        0.890000000       -0.466289518       -0.559642941
        0.900000000       -0.471660344       -0.514442423
        0.910000000       -0.476576839       -0.468783640
        0.920000000       -0.481034629       -0.422708317
        0.930000000       -0.485029756       -0.376258262
        0.940000000       -0.488558684       -0.329475350
        0.950000000       -0.491618294       -0.282401511
        0.960000000       -0.494205885       -0.235078718
        0.970000000       -0.496319178       -0.187548977
        0.980000000       -0.497956314       -0.139854318
        0.990000000       -0.499115855       -0.092036789
        1.000000000       -0.499796781       -0.044138452
        1.010000000       -0.499998495        0.003798623
        1.020000000       -0.499720820        0.051732366
        1.030000000       -0.498963999        0.099620702
        1.040000000       -0.497728697        0.147421565
        1.050000000       -0.496015999        0.195092893
        1.060000000       -0.493827411        0.242592642
        1.070000000       -0.491164859        0.289878784
        1.080000000       -0.488030688        0.336909318
        1.090000000       -0.484427664        0.383642279
        1.100000000       -0.480358974        0.430035742
        1.110000000       -0.475828221        0.476047844
        1.120000000       -0.470839427        0.521636787
        1.130000000       -0.465397034        0.566760863
        1.140000000       -0.459505898        0.611378467
        1.150000000       -0.453171292        0.655448122
        1.160000000       -0.446398900        0.698928503
        1.170000000       -0.439194823        0.741778463
        1.180000000       -0.431565569        0.783957063
        1.190000000       -0.423518055        0.825423609
        1.200000000       -0.415059605        0.866137685
        1.210000000       -0.406197944        0.906059196
        1.220000000       -0.396941196        0.945148408
        1.230000000       -0.387297881        0.983365996
        1.240000000       -0.377276911        1.020673097
        1.250000000       -0.366887582        1.057031354
        1.260000000       -0.356139573        1.092402978
        1.270000000       -0.345042936        1.126750806
        1.280000000       -0.333608091        1.160038354
        1.290000000       -0.321845822        1.192229888
        1.300000000       -0.309767264        1.223290482
        1.310000000       -0.297383896        1.253186088
        1.320000000       -0.284707536        1.281883598
        1.330000000       -0.271750325        1.309350919
        1.340000000       -0.258524722        1.335557034
        1.350000000       -0.245043488        1.360472077
        1.360000000       -0.231319680        1.384067396
        1.370000000       -0.217366631        1.406315625
        1.380000000       -0.203197945        1.427190750
        1.390000000       -0.188827475        1.446668169
        1.400000000       -0.174269318        1.464724764
        1.410000000       -0.159537789        1.481338952
        1.420000000       -0.144647414        1.496490751
        1.430000000       -0.129612910        1.510161829
        1.440000000       -0.114449169        1.522335558
        1.450000000       -0.099171240        1.532997061
        1.460000000       -0.083794312        1.542133252
        1.470000000       -0.068333697        1.549732875
        1.480000000       -0.052804809        1.555786540
        1.490000000       -0.037223145        1.560286747
        1.500000000       -0.021604271        1.563227909
        1.510000000       -0.005963796        1.564606369
        1.520000000        0.009682641        1.564420414
        1.530000000        0.025319397        1.562670273
        1.540000000        0.040930840        1.559358125
        1.550000000        0.056501366        1.554488085
        1.560000000        0.072015428        1.548066197
        1.570000000        0.087457544        1.540100412
        1.580000000        0.102812322        1.530600568
        1.590000000        0.118064480        1.519578358
        1.600000000        0.133198859        1.507047297
        1.610000000        0.148200447        1.493022682
        1.620000000        0.163054391        1.477521552
        1.630000000        0.177746018        1.460562635
        1.640000000        0.192260852        1.442166299
        1.650000000        0.206584626        1.422354495
        1.660000000        0.220703301        1.401150703
        1.670000000        0.234603082        1.378579864
        1.680000000        0.248270429        1.354668319
        1.690000000        0.261692072        1.329443748
        1.700000000        0.274855024        1.302935096
        1.710000000        0.287746594        1.275172509
        1.720000000        0.300354398        1.246187267
        1.730000000        0.312666371        1.216011709
        1.740000000        0.324670775        1.184679173
        1.750000000        0.336356212        1.152223923
        1.760000000        0.347711628        1.118681081
        1.770000000        0.358726327        1.084086567
        1.780000000        0.369389976        1.048477029
        1.790000000        0.379692609        1.011889788
        1.800000000        0.389624639        0.974362771
        1.810000000        0.399176860        0.935934459
        1.820000000        0.408340453        0.896643832
        1.830000000        0.417106993        0.856530316
        1.840000000        0.425468449        0.815633734
        1.850000000        0.433417192        0.773994261
        1.860000000        0.440945993        0.731652382
        1.870000000        0.448048034        0.688648855
        1.880000000        0.454716901        0.645024669
        1.890000000        0.460946595        0.600821017
        1.900000000        0.466731528        0.556079263
        1.910000000        0.472066525        0.510840915
        1.920000000        0.476946829        0.465147605
        1.930000000        0.481368100        0.419041065
        1.940000000        0.485326413        0.372563108
        1.950000000        0.488818263        0.325755615
        1.960000000        0.491840566        0.278660519
        1.970000000        0.494390655        0.231319797
        1.980000000        0.496466283        0.183775455
        1.990000000        0.498065625        0.136069527
        2.000000000        0.499187275        0.088244061
        2.010000000        0.499830248        0.040341120
        2.020000000        0.499993980       -0.007597226
        2.030000000        0.499678326       -0.055528905
        2.040000000        0.498883564       -0.103411845
        2.050000000        0.497610392       -0.151203978
        2.060000000        0.495859928       -0.198863246
        2.070000000        0.493633710       -0.246347603
        2.080000000        0.490933699       -0.293615024
        2.090000000        0.487762273       -0.340623511
        2.100000000        0.484122231       -0.387331100
        2.110000000        0.480016793       -0.433695874
        2.120000000        0.475449596       -0.479675971
        2.130000000        0.470424696       -0.525229602
        2.140000000        0.464946565       -0.570315064
        2.150000000        0.459020094       -0.614890764
        2.160000000        0.452650587       -0.658915235
        2.170000000        0.445843764       -0.702347164
        2.180000000        0.438605756       -0.745145420
        2.190000000        0.430943105       -0.787269083
        2.200000000        0.422862759       -0.828677479
        2.210000000        0.414372074       -0.869330216
        2.220000000        0.405478807       -0.909187225
        2.230000000        0.396191114       -0.948208805
        2.240000000        0.386517547       -0.986355664
        2.250000000        0.376467046       -1.023588977
        2.260000000        0.366048940       -1.059870431
        2.270000000        0.355272937       -1.095162284
        2.280000000        0.344149117       -1.129427424
        2.290000000        0.332687932       -1.162629425
        2.300000000        0.320900192       -1.194732614
        2.310000000        0.308797059       -1.225702133
        2.320000000        0.296390042       -1.255504005
        2.330000000        0.283690982       -1.284105201
        2.340000000        0.270712047       -1.311473709
        2.350000000        0.257465720       -1.337578603
        2.360000000        0.243964786       -1.362390109
        2.370000000        0.230222324       -1.385879675
        2.380000000        0.216251691       -1.408020040
        2.390000000        0.202066508       -1.428785299
        2.400000000        0.187680650       -1.448150966
        2.410000000        0.173108231       -1.466094041
        2.420000000        0.158363583       -1.482593067
        2.430000000        0.143461250       -1.497628191
        2.440000000        0.128415960       -1.511181213
        2.450000000        0.113242621       -1.523235644
        2.460000000        0.097956292       -1.533776746
        2.470000000        0.082572174       -1.542791576
        2.480000000        0.067105586       -1.550269027
        2.490000000        0.051571949       -1.556199855
        2.500000000        0.035986769       -1.560576713
        2.510000000        0.020365614       -1.563394165
        2.520000000        0.004724096       -1.564648710
        2.530000000       -0.010922145       -1.564338785
        2.540000000       -0.026557465       -1.562464777
        2.550000000       -0.042166234       -1.559029017
        2.560000000       -0.057732854       -1.554035774
        2.570000000       -0.073241778       -1.547491244
        2.580000000       -0.088677534       -1.539403528
        2.590000000       -0.104024738       -1.529782612
        2.600000000       -0.119268115       -1.518640334
        2.610000000       -0.134392518       -1.505990353
        2.620000000       -0.149382947       -1.491848106
        2.630000000       -0.164224563       -1.476230767
        2.640000000       -0.178902708       -1.459157194
        2.650000000       -0.193402921       -1.440647885
        2.660000000       -0.207710953       -1.420724915
        2.670000000       -0.221812785       -1.399411879
        2.680000000       -0.235694640       -1.376733833
        2.690000000       -0.249342999       -1.352717227
        2.700000000       -0.262744615       -1.327389842
        2.710000000       -0.275886524       -1.300780722
        2.720000000       -0.288756058       -1.272920106
        2.730000000       -0.301340858       -1.243839358
        2.740000000       -0.313628885       -1.213570901
        2.750000000       -0.325608428       -1.182148148
        2.760000000       -0.337268115       -1.149605432
        2.770000000       -0.348596921       -1.115977943
        2.780000000       -0.359584178       -1.081301659
        2.790000000       -0.370219580       -1.045613286
        2.800000000       -0.380493194       -1.008950192
        2.810000000       -0.390395461       -0.971350352
        2.820000000       -0.399917207       -0.932852289
        2.830000000       -0.409049643       -0.893495019
        2.840000000       -0.417784374       -0.853318000
        2.850000000       -0.426113403       -0.812361087
        2.860000000       -0.434029130       -0.770664479
        2.870000000       -0.441524362       -0.728268687
        2.880000000       -0.448592309       -0.685214485
        2.890000000       -0.455226593       -0.641542882
        2.900000000       -0.461421246       -0.597295083
        2.910000000       -0.467170712       -0.552512466
        2.920000000       -0.472469851       -0.507236550
        2.930000000       -0.477313938       -0.461508976
        2.940000000       -0.481698664       -0.415371481
        2.950000000       -0.485620140       -0.368865885
        2.960000000       -0.489074894       -0.322034074
        2.970000000       -0.492059874       -0.274917986
        2.980000000       -0.494572446       -0.227559597
        2.990000000       -0.496610398       -0.180000919
        3.000000000       -0.498171937       -0.132283985
        3.010000000       -0.499255691       -0.084450847
        3.020000000       -0.499860707       -0.036543566
        3.030000000       -0.499986455        0.011395787
        3.040000000       -0.499632825        0.059325139
        3.050000000       -0.498800126        0.107202419
        3.060000000       -0.497489090        0.154985558
        3.070000000       -0.495700869        0.202632501
        3.080000000       -0.493437034        0.250101202
        3.090000000       -0.490699579        0.297349638
        3.100000000       -0.487490916        0.344335814
        3.110000000       -0.483813877        0.391017770
        3.120000000       -0.479671714        0.437353591
        3.130000000       -0.475068098        0.483301421
        3.140000000       -0.470007118        0.528819477
        3.150000000       -0.464493280        0.573866065
        3.160000000       -0.458531507        0.618399600
        3.170000000       -0.452127137        0.662378627
        3.180000000       -0.445285921        0.705761846
        3.190000000       -0.438014023        0.748508142
        3.200000000       -0.430318018        0.790576613
        3.210000000       -0.422204886        0.831926605
        3.220000000       -0.413682015        0.872517751
        3.230000000       -0.404757194        0.912310010
        3.240000000       -0.395438610        0.951263710
        3.250000000       -0.385734846        0.989339597
        3.260000000       -0.375654874        1.026498881
        3.270000000       -0.365208052        1.062703295
        3.280000000       -0.354404117        1.097915144
        3.290000000       -0.343253181        1.132097367
        3.300000000       -0.331765723        1.165213598
        3.310000000       -0.319952581        1.197228223
        3.320000000       -0.307824947        1.228106453
        3.330000000       -0.295394353        1.257814384
        3.340000000       -0.282672670        1.286319064
        3.350000000       -0.269672090        1.313588566
        3.360000000       -0.256405119        1.339592052
        3.370000000       -0.242884568        1.364299841
        3.380000000       -0.229123537        1.387683484
        3.390000000       -0.215135403        1.409715822
        3.400000000       -0.200933811        1.430371061
        3.410000000       -0.186532654        1.449624831
        3.420000000       -0.171946062        1.467454251
        3.430000000       -0.157188388        1.483837991
        3.440000000       -0.142274188        1.498756326
        3.450000000       -0.127218207        1.512191189
        3.460000000       -0.112035364        1.524126229
        3.470000000       -0.096740731        1.534546848
        3.480000000       -0.081349518        1.543440248
        3.490000000       -0.065877054        1.550795468
        3.500000000       -0.050338767        1.556603414
        3.510000000       -0.034750168        1.560856888
        3.520000000       -0.019126829        1.563550609
        3.530000000       -0.003484366        1.564681228
        3.540000000        0.012161580        1.564247337
        3.550000000        0.027795367        1.562249476
        3.560000000        0.043401364        1.558690131
        3.570000000        0.058963979        1.553573724
        3.580000000        0.074467669        1.546906602
        3.590000000        0.089896969        1.538697018
        3.600000000        0.105236502        1.528955104
        3.610000000        0.120471003        1.517692845
        3.620000000        0.135585336        1.504924041
        3.630000000        0.150564513        1.490664269
        3.640000000        0.165393709        1.474930838
        3.650000000        0.180058281        1.457742739
        3.660000000        0.194543783        1.439120596
        3.670000000        0.208835986        1.419086607
        3.680000000        0.222920888        1.397664484
        3.690000000        0.236784732        1.374879397
        3.700000000        0.250414021        1.350757904
        3.710000000        0.263795528        1.325327889
        3.720000000        0.276916313        1.298618491
        3.730000000        0.289763734        1.270660041
        3.740000000        0.302325455        1.241483992
        3.750000000        0.314589463        1.211122845
        3.760000000        0.326544073        1.179610090
        3.770000000        0.338177941        1.146980130
        3.780000000        0.349480069        1.113268220
        3.790000000        0.360439819        1.078510398
        3.800000000        0.371046913        1.042743423
        3.810000000        0.381291448        1.006004715
        3.820000000        0.391163895        0.968332295
        3.830000000        0.400655110        0.929764725
        3.840000000        0.409756335        0.890341059
        3.850000000        0.418459209        0.850100788
        3.860000000        0.426755762        0.809083796
        3.870000000        0.434638429        0.767330309
        3.880000000        0.442100048        0.724880858
        3.890000000        0.449133862        0.681776239
        3.900000000        0.455733526        0.638057476
        3.910000000        0.461893102        0.593765791
        3.920000000        0.467607070        0.548942572
        3.930000000        0.472870320        0.503629350
        3.940000000        0.477678162        0.457867773
        3.950000000        0.482026320        0.411699586
        3.960000000        0.485910938        0.365166615
        3.970000000        0.489328576        0.318310749
        3.980000000        0.492276216        0.271173931
        3.990000000        0.494751258        0.223798140
        4.000000000        0.496751522        0.176225389
        4.010000000        0.498275249        0.128497714
        4.020000000        0.499321100        0.080657167
        4.030000000        0.499888157        0.032745810
        4.040000000        0.499975921       -0.015194285
        4.050000000        0.499584315       -0.063121046
        4.060000000        0.498713685       -0.110992401
        4.070000000        0.497364792       -0.158766283
        4.080000000        0.495538824       -0.206400636
        4.090000000        0.493237385       -0.253853418
        4.100000000        0.490462501       -0.301082606
        4.110000000        0.487216618       -0.348046208
        4.120000000        0.483502602       -0.394702267
        4.130000000        0.479323738       -0.441008872
        4.140000000        0.474683729       -0.486924173
        4.150000000        0.469586698       -0.532406393
        4.160000000        0.464037184       -0.577413846
        4.170000000        0.458040142       -0.621904955
        4.180000000        0.451600944       -0.665838279
        4.190000000        0.444725374       -0.709172530
        4.200000000        0.437419627       -0.751866609
        4.210000000        0.429690312       -0.793879632
        4.220000000        0.421544441       -0.835170967
        4.230000000        0.412989433       -0.875700271
        4.240000000        0.404033109       -0.915427530
        4.250000000        0.394683688       -0.954313105
        4.260000000        0.384949783       -0.992317775
        4.270000000        0.374840398       -1.029402791
        4.280000000        0.364364920       -1.065529928
        4.290000000        0.353533118       -1.100661540
        4.300000000        0.342355132       -1.134760619
        4.310000000        0.330841469       -1.167790854
        4.320000000        0.319002996       -1.199716697
        4.330000000        0.306850932       -1.230503426
        4.340000000        0.294396838       -1.260117209
        4.350000000        0.281652608       -1.288525173
        4.360000000        0.268630460       -1.315695475
        4.370000000        0.255342927       -1.341597366
        4.380000000        0.241802840       -1.366201260
        4.390000000        0.228023323       -1.389478808
        4.400000000        0.214017775       -1.411402957
        4.410000000        0.199799861       -1.431948024
        4.420000000        0.185383493       -1.451089753
        4.430000000        0.170782820       -1.468805386
        4.440000000        0.156012210       -1.485073715
        4.450000000        0.141086236       -1.499875147
        4.460000000        0.126019657       -1.513191749
        4.470000000        0.110827405       -1.525007306
        4.480000000        0.095524563       -1.535307361
        4.490000000        0.080126352       -1.544079262
        4.500000000        0.064648108       -1.551312194
        4.510000000        0.049105268       -1.556997213
        4.520000000        0.033513348       -1.561127271
        4.530000000        0.017887924       -1.563697239
        4.540000000        0.002244614       -1.564703923
        4.550000000       -0.013400939       -1.564146069
        4.560000000       -0.029033094       -1.562024371
        4.570000000       -0.044636222       -1.558341469
        4.580000000       -0.060194734       -1.553101938
        4.590000000       -0.075693093       -1.546312276
        4.600000000       -0.091115840       -1.537980887
        4.610000000       -0.106447606       -1.528118050
        4.620000000       -0.121673136       -1.516735896
        4.630000000       -0.136777305       -1.503848367
        4.640000000       -0.151745137       -1.489471180
        4.650000000       -0.166561821       -1.473621776
        4.660000000       -0.181212729       -1.456319281
        4.670000000       -0.195683432       -1.437584443
        4.680000000       -0.209959717       -1.417439583
        4.690000000       -0.224027603       -1.395908533
        4.700000000       -0.237873351       -1.373016572
        4.710000000       -0.251483486       -1.348790367
        4.720000000       -0.264844804       -1.323257903
        4.730000000       -0.277944387       -1.296448418
        4.740000000       -0.290769617       -1.268392333
        4.750000000       -0.303308183       -1.239121185
        4.760000000       -0.315548098       -1.208667560
        4.770000000       -0.327477704       -1.177065019
        4.780000000       -0.339085684       -1.144348036
        4.790000000       -0.350361068       -1.110551931
        4.800000000       -0.361293245       -1.075712800
        4.810000000       -0.371871970       -1.039867459
        4.820000000       -0.382087365       -1.003053377
        4.830000000       -0.391929935       -0.965308617
        4.840000000       -0.401390564       -0.926671786
        4.850000000       -0.410460527       -0.887181972
        4.860000000       -0.419131492       -0.846878700
        4.870000000       -0.427395522       -0.805801881
        4.880000000       -0.435245085       -0.763991769
        4.890000000       -0.442673048       -0.721488916
        4.900000000       -0.449672690       -0.678334137
        4.910000000       -0.456237695       -0.634568474
        4.920000000       -0.462362160       -0.590233162
        4.930000000       -0.468040597       -0.545369603
        4.940000000       -0.473267930       -0.500019335
        4.950000000       -0.478039500       -0.454224017
        4.960000000       -0.482351066       -0.408025401
        4.970000000       -0.486198803       -0.361465317
        4.980000000       -0.489579307       -0.314585660
        4.990000000       -0.492489591       -0.267428375
        5.000000000       -0.494927089       -0.220035446
        5.010000000       -0.496889654       -0.172448887
        5.020000000       -0.498375561       -0.124710734
        5.030000000       -0.499383504       -0.076863042
        5.040000000       -0.499912597       -0.028947874
        5.050000000       -0.499962377        0.018992700
        5.060000000       -0.499532799        0.066916605
        5.070000000       -0.498624240        0.114781772
        5.080000000       -0.497237499        0.162546133
        5.090000000       -0.495373794        0.210167632
        5.100000000       -0.493034763        0.257604230
        5.110000000       -0.490222466        0.304813907
        5.120000000       -0.486939381        0.351754671
        5.130000000       -0.483188409        0.398384570
        5.140000000       -0.478972866        0.444661696
        5.150000000       -0.474296490        0.490544206
        5.160000000       -0.469163437        0.535990328
        5.170000000       -0.463578277        0.580958384
        5.180000000       -0.457546001        0.625406809
        5.190000000       -0.451072011        0.669294170
        5.200000000       -0.444162126        0.712579195
        5.210000000       -0.436822572        0.755220800
        5.220000000       -0.429059991        0.797178120
        5.230000000       -0.420881426        0.838410545
        5.240000000       -0.412294331        0.878877756
        5.250000000       -0.403306555        0.918539767
        5.260000000       -0.393926351        0.957356969
        5.270000000       -0.384162363        0.995290179
        5.280000000       -0.374023624        1.032300687
        5.290000000       -0.363519552        1.068350311
        5.300000000       -0.352659946        1.103401453
        5.310000000       -0.341454975        1.137417159
        5.320000000       -0.329915175        1.170361177
        5.330000000       -0.318051442        1.202198020
        5.340000000       -0.305875021        1.232893035
        5.350000000       -0.293397500        1.262412463
        5.360000000       -0.280630800        1.290723511
        5.370000000       -0.267587164        1.317794420
        5.380000000       -0.254279148        1.343594530
        5.390000000       -0.240719608        1.368094352
        5.400000000       -0.226921690        1.391265636
        5.410000000       -0.212898814        1.413081435
        5.420000000       -0.198664665        1.433516176
        5.430000000       -0.184233175        1.452545722
        5.440000000       -0.169618511        1.470147433
        5.450000000       -0.154835057        1.486300229
        5.460000000       -0.139897401        1.500984645
        5.470000000       -0.124820318        1.514182884
        5.480000000       -0.109618751        1.525878867
        5.490000000       -0.094307796        1.536058280
        5.500000000       -0.078902683        1.544708615
        5.510000000       -0.063418757        1.551819202
        5.520000000       -0.047871461        1.557381249
        5.530000000       -0.032276317        1.561387858
        5.540000000       -0.016648906        1.563834054
        5.550000000       -0.001004848        1.564716795
        5.560000000        0.014640214        1.564034982
        5.570000000        0.030270639        1.561789464
        5.580000000        0.045870800        1.557983033
        5.590000000        0.061425111        1.552620419
        5.600000000        0.076918043        1.545708270
        5.610000000        0.092334140        1.537255140
        5.620000000        0.107658043        1.527271457
        5.630000000        0.122874508        1.515769496
        5.640000000        0.137968419        1.502763341
        5.650000000        0.152924813        1.488268847
        5.660000000        0.167728893        1.472303592
        5.670000000        0.182366046        1.454886830
        5.680000000        0.196821860        1.436039438
        5.690000000        0.211082140        1.415783857
        5.700000000        0.225132923        1.394144037
        5.710000000        0.238960491        1.371145369
        5.720000000        0.252551389        1.346814628
        5.730000000        0.265892437        1.321179900
        5.740000000        0.278970738        1.294270518
        5.750000000        0.291773700        1.266116995
        5.760000000        0.304289036        1.236750955
        5.770000000        0.316504786        1.206205061
        5.780000000        0.328409316        1.174512950
        5.790000000        0.339991339        1.141709167
        5.800000000        0.351239912        1.107829093
        5.810000000        0.362144453        1.072908886
        5.820000000        0.372694745        1.036985414
        5.830000000        0.382880942        1.000096195
        5.840000000        0.392693577        0.962279339
        5.850000000        0.402123565        0.923573491
        5.860000000        0.411162213        0.884017777
        5.870000000        0.419801220        0.843651755
        5.880000000        0.428032680        0.802515362
        5.890000000        0.435849093        0.760648879
        5.900000000        0.443243360        0.718092880
        5.910000000        0.450208788        0.674888200
        5.920000000        0.456739098        0.631075895
        5.930000000        0.462828418        0.586697217
        5.940000000        0.468471292        0.541793577
        5.950000000        0.473662678        0.496406526
        5.960000000        0.478397950        0.450577729
        5.970000000        0.482672900        0.404348946
        5.980000000        0.486483735        0.357762013
        5.990000000        0.489827086        0.310858828
        6.000000000        0.492699998        0.263681341
        6.010000000        0.495099938        0.216271537
        6.020000000        0.497024794        0.168671433
        6.030000000        0.498472872        0.120923067
        6.040000000        0.499442901        0.073068494
        6.050000000        0.499934029        0.025149778
        6.060000000        0.499945823       -0.022791010
        6.070000000        0.499478275       -0.070711796
        6.080000000        0.498531794       -0.118570509
        6.090000000        0.497107212       -0.166325085
        6.100000000        0.495205780       -0.213933468
        6.110000000        0.492829170       -0.261353618
        6.120000000        0.489979475       -0.308543520
        6.130000000        0.486659207       -0.355461183
        6.140000000        0.482871299       -0.402064658
        6.150000000        0.478619101       -0.448312044
        6.160000000        0.473906384       -0.494161499
        6.170000000        0.468737337       -0.539571262
        6.180000000        0.463116564       -0.584499661
        6.190000000        0.457049087       -0.628905140
        6.200000000        0.450540342       -0.672746280
        6.210000000        0.443596180       -0.715981821
        6.220000000        0.436222861       -0.758570695
        6.230000000        0.428427058       -0.800472058
        6.240000000        0.420215847       -0.841645319
        6.250000000        0.411596713       -0.882050185
        6.260000000        0.402577538       -0.921646699
        6.270000000        0.393166605       -0.960395284
        6.280000000        0.383372590       -0.998256791
        6.290000000        0.373204556       -1.035192550
        6.300000000        0.362671952       -1.071164425
        6.310000000        0.351784605       -1.106134866
        6.320000000        0.340552716       -1.140066972
        6.330000000        0.328986848       -1.172924549
        6.340000000        0.317097925       -1.204672174
        6.350000000        0.304897220       -1.235275263
        6.360000000        0.292396347       -1.264700131
        6.370000000        0.279607254       -1.292914064
        6.380000000        0.266542208       -1.319885387
        6.390000000        0.253213791       -1.345583531
        6.400000000        0.239634880       -1.369979103
        6.410000000        0.225818645       -1.393043953
        6.420000000        0.211778527       -1.414751241
        6.430000000        0.197528230       -1.435075506
        6.440000000        0.183081707       -1.453992726
        6.450000000        0.168453141       -1.471480384
        6.460000000        0.153656935       -1.487517524
        6.470000000        0.138707691       -1.502084813
        6.480000000        0.123620197       -1.515164587
        6.490000000        0.108409411       -1.526740907
        6.500000000        0.093090439       -1.536799599
        6.510000000        0.077678520       -1.545328300
        6.520000000        0.062189008       -1.552316488
        6.530000000        0.046637354       -1.557755519
        6.540000000        0.031039084       -1.561638649
        6.550000000        0.015409784       -1.563961053
        6.560000000       -0.000234924       -1.564719844
        6.570000000       -0.015879397       -1.563914078
        6.580000000       -0.031507993       -1.561544757
        6.590000000       -0.047105090       -1.557614827
        6.600000000       -0.062655104       -1.552129171
        6.610000000       -0.078142510       -1.545094589
        6.620000000       -0.093551861       -1.536519784
        6.630000000       -0.108867806       -1.526415332
        6.640000000       -0.124075110       -1.514793652
        6.650000000       -0.139158669       -1.501668970
        6.660000000       -0.154103532       -1.487057280
        6.670000000       -0.168894916       -1.470976294
        6.680000000       -0.183518224       -1.453445396
        6.690000000       -0.197959061       -1.434485591
        6.700000000       -0.212203248       -1.414119440
        6.710000000       -0.226236841       -1.392371009
        6.720000000       -0.240046145       -1.369265804
        6.730000000       -0.253617724       -1.344830702
        6.740000000       -0.266938420       -1.319093893
        6.750000000       -0.279995361       -1.292084807
        6.760000000       -0.292775977       -1.263834045
        6.770000000       -0.305268008       -1.234373317
        6.780000000       -0.317459519       -1.203735366
        6.790000000       -0.329338903       -1.171953903
        6.800000000       -0.340894900       -1.139063540
        6.810000000       -0.352116596       -1.105099725
        6.820000000       -0.362993437       -1.070098672
        6.830000000       -0.373515235       -1.034097305
        6.840000000       -0.383672174       -0.997133189
        6.850000000       -0.393454816       -0.959244480
        6.860000000       -0.402854110       -0.920469861
        6.870000000       -0.411861391       -0.880848496
        6.880000000       -0.420468389       -0.840419973
        6.890000000       -0.428667233       -0.799224260
        6.900000000       -0.436450451       -0.757301661
        6.910000000       -0.443810978       -0.714692773
        6.920000000       -0.450742155       -0.671438448
        6.930000000       -0.457237733       -0.627579761
        6.940000000       -0.463291873       -0.583157976
        6.950000000       -0.468899153       -0.538214517
        6.960000000       -0.474054563       -0.492790944
        6.970000000       -0.478753511       -0.446928931
        6.980000000       -0.482991819       -0.400670243
        6.990000000       -0.486765733       -0.354056723
        7.000000000       -0.490071911       -0.307130274
        7.010000000       -0.492907435       -0.259932847
        7.020000000       -0.495269804       -0.212506432
        7.030000000       -0.497156940       -0.164893047
        7.040000000       -0.498567182       -0.117134732
        7.050000000       -0.499499292       -0.069273542
        7.060000000       -0.499952450       -0.021351543
        7.070000000       -0.499926260        0.026589194
        7.080000000       -0.499420744        0.074506597
        7.090000000       -0.498436346        0.122358593
        7.100000000       -0.496973931        0.170103120
        7.110000000       -0.495034782        0.217698121
        7.120000000       -0.492620607        0.265101561
        7.130000000       -0.489733530        0.312271423
        7.140000000       -0.486376097        0.359165722
        7.150000000       -0.482551274        0.405742511
        7.160000000       -0.478262445        0.451959893
        7.170000000       -0.473513413        0.497776033
        7.180000000       -0.468308401        0.543149174
        7.190000000       -0.462652045        0.588037655
        7.200000000       -0.456549402        0.632399929
        7.210000000       -0.450005939        0.676194588
        7.220000000       -0.443027540        0.719380387
        7.230000000       -0.435620498        0.761916274
        7.240000000       -0.427791517        0.803761424
        7.250000000       -0.419547707        0.844875269
        7.260000000       -0.410896583        0.885217540
        7.270000000       -0.401846061        0.924748308
        7.280000000       -0.392404454        0.963428029
        7.290000000       -0.382580468        1.001217590
        7.300000000       -0.372383199        1.038078362
        7.310000000       -0.361822124        1.073972252
        7.320000000       -0.350907102        1.108861760
        7.330000000       -0.339648360        1.142710038
        7.340000000       -0.328056492        1.175480952
        7.350000000       -0.316142450        1.207139143
        7.360000000       -0.303917534        1.237650094
        7.370000000       -0.291393385        1.266980196
        7.380000000       -0.278581975        1.295096815
        7.390000000       -0.265495599        1.321968360
        7.400000000       -0.252146860        1.347564354
        7.410000000       -0.238548662        1.371855499
        7.420000000       -0.224714194        1.394813747
        7.430000000       -0.210656919        1.416412364
        7.440000000       -0.196390563        1.436626002
        7.450000000       -0.181929096        1.455430755
        7.460000000       -0.167286720        1.472804227
        7.470000000       -0.152477852        1.488725591
        7.480000000       -0.137517113        1.503175642
        7.490000000       -0.122419303        1.516136851
        7.500000000       -0.107199392        1.527593418
        7.510000000       -0.091872497        1.537531312
        7.520000000       -0.076453869        1.545938312
        7.530000000       -0.060958869        1.552804047
        7.540000000       -0.045402954        1.558120021
        7.550000000       -0.029801657        1.561879640
        7.560000000       -0.014170565        1.564078235
        7.570000000        0.001474695        1.564713070
        7.580000000        0.017118481        1.563783357
        7.590000000        0.032745150        1.561290251
        7.600000000        0.048339084        1.557236854
        7.610000000        0.063884703        1.551628198
        7.620000000        0.079366487        1.544471238
        7.630000000        0.094768995        1.535774825
        7.640000000        0.110076887        1.525549681
        7.650000000        0.125274935        1.513808371
        7.660000000        0.140348048        1.500565264
        7.670000000        0.155281287        1.485836488
        7.680000000        0.170059884        1.469639893
        7.690000000        0.184669257        1.451994992
        7.700000000        0.199095027        1.432922914
        7.710000000        0.213323033        1.412446344
        7.720000000        0.227339352        1.390589464
        7.730000000        0.241130307        1.367377888
        7.740000000        0.254682484        1.342838604
        7.750000000        0.267982747        1.316999899
        7.760000000        0.281018248        1.289891300
        7.770000000        0.293776442        1.261543499
        7.780000000        0.306245093        1.231988288
        7.790000000        0.318412292        1.201258491
        7.800000000        0.330266460        1.169387893
        7.810000000        0.341796363        1.136411174
        7.820000000        0.352991115        1.102363845
        7.830000000        0.363840191        1.067282179
        7.840000000        0.374333434        1.031203151
        7.850000000        0.384461055        0.994164378
        7.860000000        0.394213649        0.956204058
        7.870000000        0.403582193        0.917360915
        7.880000000        0.412558055        0.877674147
        7.890000000        0.421132996        0.837183375
        7.900000000        0.429299176        0.795928595
        7.910000000        0.437049156        0.753950134
        7.920000000        0.444375902        0.711288613
        7.930000000        0.451272787        0.667984902
        7.940000000        0.457733596        0.624080092
        7.950000000        0.463752523        0.579615459
        7.960000000        0.469324177        0.534632442
        7.970000000        0.474443582        0.489172609
        7.980000000        0.479106179        0.443277641
        7.990000000        0.483307824        0.396989312
        8.000000000        0.487044793        0.350349469
        8.010000000        0.490313781        0.303400018
        8.020000000        0.493111901        0.256182916
        8.030000000        0.495436687        0.208740154
        8.040000000        0.497286092        0.161113752
        8.050000000        0.498658490        0.113345752
        8.060000000        0.499552675        0.065478209
        8.070000000        0.499967863        0.017553191
        8.080000000        0.499903688       -0.030387233
        8.090000000        0.499360207       -0.078300987
        8.100000000        0.498337897       -0.126146003
        8.110000000        0.496837656       -0.173880216
        8.120000000        0.494860802       -0.221461573
        8.130000000        0.492409074       -0.268848038
        8.140000000        0.489484631       -0.315997597
        8.150000000        0.486090052       -0.362868268
        8.160000000        0.482228336       -0.409418108
        8.170000000        0.477902899       -0.455605223
        8.180000000        0.473117580       -0.501387785
        8.190000000        0.467876631       -0.546724043
        8.200000000        0.462184725       -0.591572345
        8.210000000        0.456046949       -0.635891154
        8.220000000        0.449468805       -0.679639073
        8.230000000        0.442456208       -0.722774872
        8.240000000        0.435015485       -0.765257517
        8.250000000        0.427153371       -0.807046199
        8.260000000        0.418877010       -0.848100375
        8.270000000        0.410193947       -0.888379800
        8.280000000        0.401112129       -0.927844574
        8.290000000        0.391639902       -0.966455186
        8.300000000        0.381786003       -1.004172559
        8.310000000        0.371559558       -1.040958104
        8.320000000        0.360970074       -1.076773773
        8.330000000        0.350027440       -1.111582117
        8.340000000        0.338741913       -1.145346341
        8.350000000        0.327124114       -1.178030369
        8.360000000        0.315185024       -1.209598909
        8.370000000        0.302935969       -1.240017511
        8.380000000        0.290388619       -1.269252643
        8.390000000        0.277554970       -1.297271749
        8.400000000        0.264447342       -1.324043326
        8.410000000        0.251078364       -1.349536985
        8.420000000        0.237460960       -1.373723527
        8.430000000        0.223608344       -1.396575005
        8.440000000        0.209533999       -1.418064792
        8.450000000        0.195251671       -1.438167652
        8.460000000        0.180775349       -1.456859797
        8.470000000        0.166119253       -1.474118954
        8.480000000        0.151297816       -1.489924420
        8.490000000        0.136325674       -1.504257122
        8.500000000        0.121217641       -1.517099668
        8.510000000        0.105988700       -1.528436395
        8.520000000        0.090653980       -1.538253413
        8.530000000        0.075228738       -1.546538648
        8.540000000        0.059728347       -1.553281876
        8.550000000        0.044168269       -1.558474751
        8.560000000        0.028564042       -1.562110830
        8.570000000        0.012931257       -1.564185598
        8.580000000       -0.002714457       -1.564696473
        8.590000000       -0.018357456       -1.563642820
        8.600000000       -0.033982102       -1.561025950
        8.610000000       -0.049572775       -1.556849115
        8.620000000       -0.065113901       -1.551117505
        8.630000000       -0.080589966       -1.543838222
        8.640000000       -0.095985536       -1.535020267
        8.650000000       -0.111285278       -1.524674511
        8.660000000       -0.126473976       -1.512813662
        8.670000000       -0.141536549       -1.499452229
        8.680000000       -0.156458072       -1.484606481
        8.690000000       -0.171223790       -1.468294398
        8.700000000       -0.185819137       -1.450535627
        8.710000000       -0.200229751       -1.431351419
        8.720000000       -0.214441490       -1.410764582
        8.730000000       -0.228440448       -1.388799412
        8.740000000       -0.242212969       -1.365481637
        8.750000000       -0.255745662       -1.340838347
        8.760000000       -0.269025412       -1.314897933
        8.770000000       -0.282039395       -1.287690013
        8.780000000       -0.294775089       -1.259245372
        8.790000000       -0.307220286       -1.229595885
        8.800000000       -0.319363100       -1.198774454
        8.810000000       -0.331191981       -1.166814939
        8.820000000       -0.342695721       -1.133752087
        8.830000000       -0.353863463       -1.099621471
        8.840000000       -0.364684712       -1.064459424
        8.850000000       -0.375149337       -1.028302973
        8.860000000       -0.385247582       -0.991189782
        8.870000000       -0.394970071       -0.953158094
        8.880000000       -0.404307811       -0.914246673
        8.890000000       -0.413252202       -0.874494751
        8.900000000       -0.421795037       -0.833941980
        8.910000000       -0.429928506       -0.792628386
        8.920000000       -0.437645203       -0.750594319
        8.930000000       -0.444938126       -0.707880421
        8.940000000       -0.451800681       -0.664527582
        8.950000000       -0.458226685       -0.620576907
        8.960000000       -0.464210364       -0.576069689
        8.970000000       -0.469746361       -0.531047374
        8.980000000       -0.474829733       -0.485551542
        8.990000000       -0.479455953       -0.439623882
        9.000000000       -0.483620911       -0.393306174
        9.010000000       -0.487320916       -0.346640271
        9.020000000       -0.490552695       -0.299668083
        9.030000000       -0.493313396       -0.252431569
        9.040000000       -0.495600585       -0.204972723
        9.050000000       -0.497412249       -0.157333568
        9.060000000       -0.498746796       -0.109556147
        9.070000000       -0.499603052       -0.061682515
        9.080000000       -0.499980266       -0.013754742
        9.090000000       -0.499878106        0.034185103
        9.100000000       -0.499296663        0.082094946
        9.110000000       -0.498236448        0.129932717
        9.120000000       -0.496698390        0.177656352
        9.130000000       -0.494683841        0.225223800
        9.140000000       -0.492194574        0.272593027
        9.150000000       -0.489232781        0.319722020
        9.160000000       -0.485801075        0.366568800
        9.170000000       -0.481902486        0.413091427
        9.180000000       -0.477540466        0.459248014
        9.190000000       -0.472718885        0.504996735
        9.200000000       -0.467442030        0.550295850
        9.210000000       -0.461714606        0.595103712
        9.220000000       -0.455541732        0.639378795
        9.230000000       -0.448928944        0.683079716
        9.240000000       -0.441882189        0.726165258
        9.250000000       -0.434407827        0.768594403
        9.260000000       -0.426512625        0.810326364
        9.270000000       -0.418203759        0.851320617
        9.280000000       -0.409488806        0.891536946
        9.290000000       -0.400375746        0.930935478
        9.300000000       -0.390872954        0.969476735
        9.310000000       -0.380989199        1.007121678
        9.320000000       -0.370733637        1.043831757
        9.330000000       -0.360115807        1.079568971
        9.340000000       -0.349145625        1.114295919
        9.350000000       -0.337833379        1.147975862
        9.360000000       -0.326189719        1.180572784
        9.370000000       -0.314225651        1.212051455
        9.380000000       -0.301952532        1.242377499
        9.390000000       -0.289382055        1.271517455
        9.400000000       -0.276526245        1.299438851
        9.410000000       -0.263397445        1.326110268
        9.420000000       -0.250008307        1.351501410
        9.430000000       -0.236371782        1.375583173
        9.440000000       -0.222501102        1.398327713
        9.450000000       -0.208409774        1.419708513
        9.460000000       -0.194111561        1.439700446
        9.470000000       -0.179620474        1.458279843
        9.480000000       -0.164950747        1.475424554
        9.490000000       -0.150116834        1.491114003
        9.500000000       -0.135133382        1.505329248
        9.510000000       -0.120015221        1.518053031
        9.520000000       -0.104777345        1.529269830
        9.530000000       -0.089434894        1.538965897
        9.540000000       -0.074003136        1.547129303
        9.550000000       -0.058497451        1.553749971
        9.560000000       -0.042933307        1.558819706
        9.570000000       -0.027326248        1.562332218
        9.580000000       -0.011691868        1.564283143
        9.590000000        0.003954201        1.564670054
        9.600000000        0.019596317        1.563492469
        9.610000000        0.035218840        1.560751854
        9.620000000        0.050806155        1.556451616
        9.630000000        0.066342691        1.550597094
        9.640000000        0.081812940        1.543195544
        9.650000000        0.097201475        1.534256117
        9.660000000        0.112492972        1.523789828
        9.670000000        0.127672224        1.511809531
        9.680000000        0.142724164        1.498329875
        9.690000000        0.157633878        1.483367267
        9.700000000        0.172386626        1.466939821
        9.710000000        0.186967857        1.449067312
        9.720000000        0.201363227        1.429771118
        9.730000000        0.215558610        1.409074166
        9.740000000        0.229540122        1.387000869
        9.750000000        0.243294126        1.363577064
        9.760000000        0.256807252        1.338829947
        9.770000000        0.270066408        1.312788008
        9.780000000        0.283058794        1.285480962
        9.790000000        0.295771913        1.256939680
        9.800000000        0.308193580        1.227196124
        9.810000000        0.320311937        1.196283272
        9.820000000        0.332115461        1.164235057
        9.830000000        0.343592970        1.131086295
        9.840000000        0.354733637        1.096872622
        9.850000000        0.365526994        1.061630425
        9.860000000        0.375962940        1.025396787
        9.870000000        0.386031750        0.988209419
        9.880000000        0.395724077        0.950106607
        9.890000000        0.405030960        0.911127153
        9.900000000        0.413943829        0.871310326
        9.910000000        0.422454507        0.830695809
        9.920000000        0.430555219        0.789323653
        9.930000000        0.438238589        0.747234236
        9.940000000        0.445497648        0.704468218
        9.950000000        0.452325835        0.661066508
        9.960000000        0.458716997        0.617070229
        9.970000000        0.464665395        0.572520684
        9.980000000        0.470165704        0.527459333
        9.990000000        0.475213014        0.481927764
       10.000000000        0.479802831        0.435967675
