        0.000000000        0.250000000        0.000000000
        0.010000000        0.249876308       -0.024736401
        0.020000000        0.249505352       -0.049448835
        0.030000000        0.248887491       -0.074113354
        0.040000000        0.248023324       -0.098706049
        0.050000000        0.246913689       -0.123203064
        0.060000000        0.245559661       -0.147580620
        0.070000000        0.243962554       -0.171815033
        0.080000000        0.242123916       -0.195882729
        0.090000000        0.240045533       -0.219760269
        0.100000000        0.237729422       -0.243424364
        0.110000000        0.235177834       -0.266851897
        0.120000000        0.232393250       -0.290019941
        0.130000000        0.229378376       -0.312905781
        0.140000000        0.226136150       -0.335486931
        0.150000000        0.222669728       -0.357741159
        0.160000000        0.218982489       -0.379646502
        0.170000000        0.215078033       -0.401181291
        0.180000000        0.210960170       -0.422324170
        0.190000000        0.206632926       -0.443054117
        0.200000000        0.202100533       -0.463350467
        0.210000000        0.197367430       -0.483192930
        0.220000000        0.192438254       -0.502561615
        0.230000000        0.187317842       -0.521437053
        0.240000000        0.182011221       -0.539800213
        0.250000000        0.176523607       -0.557632530
        0.260000000        0.170860400       -0.574915923
        0.270000000        0.165027177       -0.591632815
        0.280000000        0.159029689       -0.607766157
        0.290000000        0.152873854       -0.623299451
        0.300000000        0.146565753       -0.638216763
        0.310000000        0.140111623       -0.652502751
        0.320000000        0.133517852       -0.666142684
        0.330000000        0.126790971       -0.679122457
        0.340000000        0.119937648       -0.691428614
        0.350000000        0.112964686       -0.703048367
        0.360000000        0.105879010       -0.713969612
        0.370000000        0.098687661       -0.724180944
        0.380000000        0.091397793       -0.733671681
        0.390000000        0.084016663       -0.742431870
        0.400000000        0.076551622       -0.750452310
        0.410000000        0.069010110       -0.757724560
        0.420000000        0.061399650       -0.764240955
        0.430000000        0.053727834       -0.769994615
        0.440000000        0.046002321       -0.774979459
        0.450000000        0.038230825       -0.779190211
        0.460000000        0.030421112       -0.782622411
        0.470000000        0.022580985       -0.785272420
        0.480000000        0.014718280       -0.787137426
        0.490000000        0.006840860       -0.788215449
        0.500000000       -0.001043401       -0.788505345
        0.510000000       -0.008926619       -0.788006805
        0.520000000       -0.016800911       -0.786720361
        0.530000000       -0.024658404       -0.784647376
        0.540000000       -0.032491244       -0.781790052
        0.550000000       -0.040291601       -0.778151419
        0.560000000       -0.048051680       -0.773735335
        0.570000000       -0.055763731       -0.768546476
        0.580000000       -0.063420052       -0.762590332
        0.590000000       -0.071013001       -0.755873198
        0.600000000       -0.078535003       -0.748402160
        0.610000000       -0.085978557       -0.740185092
        0.620000000       -0.093336246       -0.731230635
        0.630000000       -0.100600743       -0.721548194
        0.640000000       -0.107764817       -0.711147912
        0.650000000       -0.114821344       -0.700040668
        0.660000000       -0.121763312       -0.688238051
        0.670000000       -0.128583828       -0.675752348
        0.680000000       -0.135276126       -0.662596527
        0.690000000       -0.141833570       -0.648784216
        0.700000000       -0.148249669       -0.634329688
        0.710000000       -0.154518073       -0.619247838
        0.720000000       -0.160632586       -0.603554167
        0.730000000       -0.166587170       -0.587264759
        0.740000000       -0.172375951       -0.570396261
        0.750000000       -0.177993222       -0.552965863
        0.760000000       -0.183433454       -0.534991278
        0.770000000       -0.188691295       -0.516490717
        0.780000000       -0.193761577       -0.497482870
        0.790000000       -0.198639325       -0.477986887
        0.800000000       -0.203319753       -0.458022350
        0.810000000       -0.207798276       -0.437609258
        0.820000000       -0.212070511       -0.416768002
        0.830000000       -0.216132278       -0.395519344
        0.840000000       -0.219979610       -0.373884396
        0.850000000       -0.223608750       -0.351884599
        0.860000000       -0.227016158       -0.329541702
        0.870000000       -0.230198514       -0.306877741
        0.880000000       -0.233152717       -0.283915018
        0.890000000       -0.235875893       -0.260676081
        0.900000000       -0.238365394       -0.237183702
        0.910000000       -0.240618799       -0.213460862
        0.920000000       -0.242633920       -0.189530724
        0.930000000       -0.244408800       -0.165416620
        0.940000000       -0.245941717       -0.141142025
        0.950000000       -0.247231184       -0.116730545
        0.960000000       -0.248275951       -0.092205891
        0.970000000       -0.249075004       -0.067591864
        0.980000000       -0.249627570       -0.042912335
        0.990000000       -0.249933112       -0.018191227
        1.000000000       -0.249991336        0.006547506
        1.010000000       -0.249802183        0.031279895
        1.020000000       -0.249365839        0.055981978
        1.030000000       -0.248682725        0.080629814
        1.040000000       -0.247753503        0.105199505
        1.050000000       -0.246579075        0.129667215
        1.060000000       -0.245160578        0.154009189
        1.070000000       -0.243499389        0.178201768
        1.080000000       -0.241597119        0.202221415
        1.090000000       -0.239455615        0.226044725
        1.100000000       -0.237076957        0.249648456
        1.110000000       -0.234463455        0.273009537
        1.120000000       -0.231617651        0.296105097
        1.130000000       -0.228542314        0.318912478
        1.140000000       -0.225240437        0.341409261
        1.150000000       -0.221715238        0.363573281
        1.160000000       -0.217970153        0.385382652
        1.170000000       -0.214008839        0.406815787
        1.180000000       -0.209835163        0.427851414
        1.190000000       -0.205453205        0.448468605
        1.200000000       -0.200867254        0.468646791
        1.210000000       -0.196081800        0.488365786
        1.220000000       -0.191101535        0.507605810
        1.230000000       -0.185931345        0.526347506
        1.240000000       -0.180576309        0.544571965
        1.250000000       -0.175041692        0.562260747
        1.260000000       -0.169332940        0.579395904
        1.270000000       -0.163455677        0.595959995
        1.280000000       -0.157415700        0.611936117
        1.290000000       -0.151218970        0.627307916
        1.300000000       -0.144871609        0.642059616
        1.310000000       -0.138379895        0.656176033
        1.320000000       -0.131750255        0.669642599
        1.330000000       -0.124989256        0.682445381
        1.340000000       -0.118103604        0.694571097
        1.350000000       -0.111100133        0.706007139
        1.360000000       -0.103985800        0.716741584
        1.370000000       -0.096767678        0.726763220
        1.380000000       -0.089452947        0.736061554
        1.390000000       -0.082048890        0.744626832
        1.400000000       -0.074562884        0.752450052
        1.410000000       -0.067002390        0.759522978
        1.420000000       -0.059374950        0.765838151
        1.430000000       -0.051688176        0.771388901
        1.440000000       -0.043949740        0.776169361
        1.450000000       -0.036167373        0.780174469
        1.460000000       -0.028348850        0.783399981
        1.470000000       -0.020501984        0.785842477
        1.480000000       -0.012634619        0.787499365
        1.490000000       -0.004754621        0.788368886
        1.500000000        0.003130131        0.788450117
        1.510000000        0.011011753        0.787742972
        1.520000000        0.018882364        0.786248201
        1.530000000        0.026734097        0.783967392
        1.540000000        0.034559100        0.780902964
        1.550000000        0.042349554        0.777058169
        1.560000000        0.050097676        0.772437080
        1.570000000        0.057795724        0.767044591
        1.580000000        0.065436015        0.760886405
        1.590000000        0.073010922        0.753969026
        1.600000000        0.080512889        0.746299753
        1.610000000        0.087934437        0.737886661
        1.620000000        0.095268172        0.728738597
        1.630000000        0.102506791        0.718865161
        1.640000000        0.109643091        0.708276693
        1.650000000        0.116669978        0.696984261
        1.660000000        0.123580469        0.684999640
        1.670000000        0.130367705        0.672335300
        1.680000000        0.137024953        0.659004385
        1.690000000        0.143545617        0.645020696
        1.700000000        0.149923239        0.630398671
        1.710000000        0.156151512        0.615153370
        1.720000000        0.162224281        0.599300448
        1.730000000        0.168135550        0.582856140
        1.740000000        0.173879488        0.565837240
        1.750000000        0.179450437        0.548261078
        1.760000000        0.184842912        0.530145500
        1.770000000        0.190051610        0.511508848
        1.780000000        0.195071414        0.492369934
        1.790000000        0.199897398        0.472748024
        1.800000000        0.204524830        0.452662814
        1.810000000        0.208949177        0.432134408
        1.820000000        0.213166109        0.411183298
        1.830000000        0.217171503        0.389830339
        1.840000000        0.220961447        0.368096734
        1.850000000        0.224532241        0.346004007
        1.860000000        0.227880403        0.323573984
        1.870000000        0.231002670        0.300828775
        1.880000000        0.233896002        0.277790748
        1.890000000        0.236557584        0.254482512
        1.900000000        0.238984828        0.230926898
        1.910000000        0.241175374        0.207146935
        1.920000000        0.243127096        0.183165833
        1.930000000        0.244838098        0.159006965
        1.940000000        0.246306721        0.134693842
        1.950000000        0.247531540        0.110250099
        1.960000000        0.248511367        0.085699473
        1.970000000        0.249245252        0.061065786
        1.980000000        0.249732485        0.036372923
        1.990000000        0.249972593        0.011644819
        2.000000000        0.249965344       -0.013094568
        2.010000000        0.249710744       -0.037821267
        2.020000000        0.249209041       -0.062511321
        2.030000000        0.248460720       -0.087140799
        2.040000000        0.247466506       -0.111685818
        2.050000000        0.246227364       -0.136122560
        2.060000000        0.244744495       -0.160427293
        2.070000000        0.243019337       -0.184576391
        2.080000000        0.241053565       -0.208546348
        2.090000000        0.238849085       -0.232313801
        2.100000000        0.236408041       -0.255855551
        2.110000000        0.233732803       -0.279148579
        2.120000000        0.230825975       -0.302170067
        2.130000000        0.227690383       -0.324897419
        2.140000000        0.224329081       -0.347308282
        2.150000000        0.220745346       -0.369380561
        2.160000000        0.216942671       -0.391092449
        2.170000000        0.212924770       -0.412422439
        2.180000000        0.208695566       -0.433349348
        2.190000000        0.204259196       -0.453852342
        2.200000000        0.199620001       -0.473910951
        2.210000000        0.194782525       -0.493505093
        2.220000000        0.189751513       -0.512615099
        2.230000000        0.184531901       -0.531221729
        2.240000000        0.179128819       -0.549306195
        2.250000000        0.173547579       -0.566850185
        2.260000000        0.167793676       -0.583835884
        2.270000000        0.161872780       -0.600245991
        2.280000000        0.155790731       -0.616063746
        2.290000000        0.149553534       -0.631272946
        2.300000000        0.143167353       -0.645857970
        2.310000000        0.136638506       -0.659803795
        2.320000000        0.129973456       -0.673096019
        2.330000000        0.123178810       -0.685720880
        2.340000000        0.116261307       -0.697665272
        2.350000000        0.109227814       -0.708916766
        2.360000000        0.102085320       -0.719463627
        2.370000000        0.094840927       -0.729294831
        2.380000000        0.087501844       -0.738400079
        2.390000000        0.080075378       -0.746769815
        2.400000000        0.072568929       -0.754395239
        2.410000000        0.064989981       -0.761268318
        2.420000000        0.057346095       -0.767381802
        2.430000000        0.049644899       -0.772729232
        2.440000000        0.041894083       -0.777304952
        2.450000000        0.034101388       -0.781104118
        2.460000000        0.026274602       -0.784122703
        2.470000000        0.018421547       -0.786357505
        2.480000000        0.010550073       -0.787806152
        2.490000000        0.002668050       -0.788467107
        2.500000000       -0.005216641       -0.788339667
        2.510000000       -0.013096116       -0.787423968
        2.520000000       -0.020962496       -0.785720983
        2.530000000       -0.028807917       -0.783232518
        2.540000000       -0.036624536       -0.779961215
        2.550000000       -0.044404543       -0.775910542
        2.560000000       -0.052140163       -0.771084792
        2.570000000       -0.059823672       -0.765489072
        2.580000000       -0.067447398       -0.759129299
        2.590000000       -0.075003733       -0.752012188
        2.600000000       -0.082485142       -0.744145245
        2.610000000       -0.089884166       -0.735536750
        2.620000000       -0.097193435       -0.726195750
        2.630000000       -0.104405672       -0.716132043
        2.640000000       -0.111513702       -0.705356164
        2.650000000       -0.118510459       -0.693879368
        2.660000000       -0.125388992       -0.681713618
        2.670000000       -0.132142476       -0.668871561
        2.680000000       -0.138764213       -0.655366519
        2.690000000       -0.145247643       -0.641212463
        2.700000000       -0.151586348       -0.626423997
        2.710000000       -0.157774059       -0.611016341
        2.720000000       -0.163804663       -0.595005304
        2.730000000       -0.169672208       -0.578407274
        2.740000000       -0.175370908       -0.561239186
        2.750000000       -0.180895150       -0.543518509
        2.760000000       -0.186239496       -0.525263224
        2.770000000       -0.191398694       -0.506491798
        2.780000000       -0.196367675       -0.487223165
        2.790000000       -0.201141564       -0.467476709
        2.800000000       -0.205715682       -0.447272234
        2.810000000       -0.210085549       -0.426629950
        2.820000000       -0.214246890       -0.405570445
        2.830000000       -0.218195637       -0.384114672
        2.840000000       -0.221927934       -0.362283917
        2.850000000       -0.225440138       -0.340099789
        2.860000000       -0.228728825       -0.317584189
        2.870000000       -0.231790790       -0.294759298
        2.880000000       -0.234623054       -0.271647551
        2.890000000       -0.237222861       -0.248271616
        2.900000000       -0.239587682       -0.224654379
        2.910000000       -0.241715221       -0.200818919
        2.920000000       -0.243603411       -0.176788491
        2.930000000       -0.245250419       -0.152586505
        2.940000000       -0.246654647       -0.128236509
        2.950000000       -0.247814734       -0.103762166
        2.960000000       -0.248729555       -0.079187237
        2.970000000       -0.249398223       -0.054535562
        2.980000000       -0.249820090       -0.029831043
        2.990000000       -0.249994748       -0.005097621
        3.000000000       -0.249922026        0.019640741
        3.010000000       -0.249601996        0.044360073
        3.020000000       -0.249034968        0.069036422
        3.030000000       -0.248221491        0.093645869
        3.040000000       -0.247162353        0.118164546
        3.050000000       -0.245858582        0.142568657
        3.060000000       -0.244311441        0.166834496
        3.070000000       -0.242522432        0.190938466
        3.080000000       -0.240493290        0.214857096
        3.090000000       -0.238225985        0.238567068
        3.100000000       -0.235722721        0.262045225
        3.110000000       -0.232985930        0.285268601
        3.120000000       -0.230018274        0.308214435
        3.130000000       -0.226822642        0.330860192
        3.140000000       -0.223402145        0.353183587
        3.150000000       -0.219760118        0.375162598
        3.160000000       -0.215900114        0.396775496
        3.170000000       -0.211825900        0.418000857
        3.180000000       -0.207541459        0.438817589
        3.190000000       -0.203050980        0.459204952
        3.200000000       -0.198358859        0.479142577
        3.210000000       -0.193469694        0.498610489
        3.220000000       -0.188388280        0.517589129
        3.230000000       -0.183119606        0.536059376
        3.240000000       -0.177668849        0.554002567
        3.250000000       -0.172041372        0.571400518
        3.260000000       -0.166242716        0.588235547
        3.270000000       -0.160278595        0.604490495
        3.280000000       -0.154154895        0.620148748
        3.290000000       -0.147877663        0.635194255
        3.300000000       -0.141453104        0.649611551
        3.310000000       -0.134887576        0.663385775
        3.320000000       -0.128187580        0.676502693
        3.330000000       -0.121359758        0.688948715
        3.340000000       -0.114410885        0.700710911
        3.350000000       -0.107347860        0.711777036
        3.360000000       -0.100177703        0.722135541
        3.370000000       -0.092907545        0.731775592
        3.380000000       -0.085544620        0.740687085
        3.390000000       -0.078096263        0.748860663
        3.400000000       -0.070569895        0.756287727
        3.410000000       -0.062973023        0.762960451
        3.420000000       -0.055313225        0.768871793
        3.430000000       -0.047598146        0.774015507
        3.440000000       -0.039835492        0.778386149
        3.450000000       -0.032033016        0.781979091
        3.460000000       -0.024198515        0.784790525
        3.470000000       -0.016339820        0.786817466
        3.480000000       -0.008464788        0.788057765
        3.490000000       -0.000581292        0.788510104
        3.500000000        0.007302786        0.788174003
        3.510000000        0.015179561        0.787049818
        3.520000000        0.023041159        0.785138744
        3.530000000        0.030879720        0.782442809
        3.540000000        0.038687408        0.778964873
        3.550000000        0.046456422        0.774708624
        3.560000000        0.054179001        0.769678570
        3.570000000        0.061847432        0.763880034
        3.580000000        0.069454060        0.757319144
        3.590000000        0.076991297        0.750002827
        3.600000000        0.084451624        0.741938793
        3.610000000        0.091827608        0.733135529
        3.620000000        0.099111901        0.723602279
        3.630000000        0.106297254        0.713349040
        3.640000000        0.113376518        0.702386538
        3.650000000        0.120342658        0.690726217
        3.660000000        0.127188756        0.678380223
        3.670000000        0.133908019        0.665361383
        3.680000000        0.140493786        0.651683193
        3.690000000        0.146939532        0.637359793
        3.700000000        0.153238880        0.622405952
        3.710000000        0.159385601        0.606837047
        3.720000000        0.165373624        0.590669045
        3.730000000        0.171197040        0.573918477
        3.740000000        0.176850108        0.556602425
        3.750000000        0.182327262        0.538738494
        3.760000000        0.187623112        0.520344794
        3.770000000        0.192732454        0.501439921
        3.780000000        0.197650270        0.482042928
        3.790000000        0.202371737        0.462173312
        3.800000000        0.206892227        0.441850988
        3.810000000        0.211207315        0.421096267
        3.820000000        0.215312780        0.399929837
        3.830000000        0.219204610        0.378372739
        3.840000000        0.222879004        0.356446349
        3.850000000        0.226332378        0.334172353
        3.860000000        0.229561365        0.311572730
        3.870000000        0.232562821        0.288669729
        3.880000000        0.235333824        0.265485849
        3.890000000        0.237871677        0.242043818
        3.900000000        0.240173916        0.218366574
        3.910000000        0.242238302        0.194477246
        3.920000000        0.244062831        0.170399131
        3.930000000        0.245645733        0.146155679
        3.940000000        0.246985472        0.121770467
        3.950000000        0.248080749        0.097267188
        3.960000000        0.248930502        0.072669625
        3.970000000        0.249533907        0.048001638
        3.980000000        0.249890380        0.023287138
        3.990000000        0.249999574       -0.001449924
        4.000000000        0.249861386       -0.026185581
        4.010000000        0.249475947       -0.050895867
        4.020000000        0.248843633       -0.075556836
        4.030000000        0.247965055       -0.100144581
        4.040000000        0.246841065       -0.124635250
        4.050000000        0.245472753       -0.149005070
        4.060000000        0.243861445       -0.173230361
        4.070000000        0.242008706       -0.197287558
        4.080000000        0.239916333       -0.221153230
        4.090000000        0.237586357       -0.244804097
        4.100000000        0.235021044       -0.268217052
        4.110000000        0.232222886       -0.291369182
        4.120000000        0.229194605       -0.314237783
        4.130000000        0.225939150       -0.336800385
        4.140000000        0.222459692       -0.359034769
        4.150000000        0.218759622       -0.380918991
        4.160000000        0.214842551       -0.402431398
        4.170000000        0.210712305       -0.423550653
        4.180000000        0.206372919       -0.444255755
        4.190000000        0.201828639       -0.464526060
        4.200000000        0.197083915       -0.484341302
        4.210000000        0.192143396       -0.503681613
        4.220000000        0.187011930       -0.522527549
        4.230000000        0.181694557       -0.540860106
        4.240000000        0.176196501       -0.558660748
        4.250000000        0.170523175       -0.575911420
        4.260000000        0.164680165       -0.592594577
        4.270000000        0.158673232       -0.608693204
        4.280000000        0.152508304       -0.624190831
        4.290000000        0.146191472       -0.639071561
        4.300000000        0.139728981       -0.653320087
        4.310000000        0.133127227       -0.666921714
        4.320000000        0.126392750       -0.679862374
        4.330000000        0.119532227       -0.692128650
        4.340000000        0.112552467       -0.703707794
        4.350000000        0.105460402       -0.714587741
        4.360000000        0.098263081       -0.724757131
        4.370000000        0.090967664       -0.734205320
        4.380000000        0.083581412       -0.742922403
        4.390000000        0.076111684       -0.750899220
        4.400000000        0.068565923       -0.758127377
        4.410000000        0.060951657       -0.764599253
        4.420000000        0.053276482       -0.770308016
        4.430000000        0.045548061       -0.775247631
        4.440000000        0.037774111       -0.779412871
        4.450000000        0.029962400       -0.782799323
        4.460000000        0.022120733       -0.785403395
        4.470000000        0.014256949       -0.787222326
        4.480000000        0.006378910       -0.788254184
        4.490000000       -0.001505507       -0.788497874
        4.500000000       -0.009388419       -0.787953136
        4.510000000       -0.017261943       -0.786620550
        4.520000000       -0.025118208       -0.784501530
        4.530000000       -0.032949360       -0.781598325
        4.540000000       -0.040747571       -0.777914014
        4.550000000       -0.048505049       -0.773452504
        4.560000000       -0.056214046       -0.768218519
        4.570000000       -0.063866863       -0.762217596
        4.580000000       -0.071455862       -0.755456075
        4.590000000       -0.078973473       -0.747941091
        4.600000000       -0.086412199       -0.739680562
        4.610000000       -0.093764628       -0.730683175
        4.620000000       -0.101023437       -0.720958377
        4.630000000       -0.108181404       -0.710516357
        4.640000000       -0.115231410       -0.699368033
        4.650000000       -0.122166449       -0.687525038
        4.660000000       -0.128979636       -0.674999698
        4.670000000       -0.135664212       -0.661805021
        4.680000000       -0.142213551       -0.647954672
        4.690000000       -0.148621167       -0.633462963
        4.700000000       -0.154880722       -0.618344824
        4.710000000       -0.160986027       -0.602615790
        4.720000000       -0.166931055       -0.586291979
        4.730000000       -0.172709940       -0.569390071
        4.740000000       -0.178316986       -0.551927288
        4.750000000       -0.183746675       -0.533921370
        4.760000000       -0.188993664       -0.515390559
        4.770000000       -0.194052798       -0.496353573
        4.780000000       -0.198919112       -0.476829585
        4.790000000       -0.203587832       -0.456838205
        4.800000000       -0.208054385       -0.436399454
        4.810000000       -0.212314398       -0.415533746
        4.820000000       -0.216363706       -0.394261864
        4.830000000       -0.220198352       -0.372604939
        4.840000000       -0.223814592       -0.350584432
        4.850000000       -0.227208901       -0.328222108
        4.860000000       -0.230377969       -0.305540020
        4.870000000       -0.233318710       -0.282560485
        4.880000000       -0.236028262       -0.259306064
        4.890000000       -0.238503990       -0.235799544
        4.900000000       -0.240743489       -0.212063914
        4.910000000       -0.242744582       -0.188122350
        4.920000000       -0.244505327       -0.163998191
        4.930000000       -0.246024016       -0.139714922
        4.940000000       -0.247299174       -0.115296154
        4.950000000       -0.248329566       -0.090765605
        4.960000000       -0.249114193       -0.066147081
        4.970000000       -0.249652294       -0.041464455
        4.980000000       -0.249943348       -0.016741653
        4.990000000       -0.249987073        0.007997370
        5.000000000       -0.249783427        0.032728644
        5.010000000       -0.249332606        0.057428207
        5.020000000       -0.248635048        0.082072122
        5.030000000       -0.247691429        0.106636493
        5.040000000       -0.246502663        0.131097489
        5.050000000       -0.245069903        0.155431359
        5.060000000       -0.243394538        0.179614452
        5.070000000       -0.241478195        0.203623235
        5.080000000       -0.239322732        0.227434317
        5.090000000       -0.236930245        0.251024461
        5.100000000       -0.234303057        0.274370611
        5.110000000       -0.231443722        0.297449904
        5.120000000       -0.228355024        0.320239698
        5.130000000       -0.225039968        0.342717588
        5.140000000       -0.221501785        0.364861425
        5.150000000       -0.217743926        0.386649339
        5.160000000       -0.213770057        0.408059761
        5.170000000       -0.209584060        0.429071439
        5.180000000       -0.205190027        0.449663466
        5.190000000       -0.200592258        0.469815294
        5.200000000       -0.195795256        0.489506760
        5.210000000       -0.190803723        0.508718109
        5.220000000       -0.185622559        0.527430009
        5.230000000       -0.180256851        0.545623578
        5.240000000       -0.174711876        0.563280405
        5.250000000       -0.168993092        0.580382570
        5.260000000       -0.163106132        0.596912664
        5.270000000       -0.157056802        0.612853815
        5.280000000       -0.150851073        0.628189702
        5.290000000       -0.144495078        0.642904584
        5.300000000       -0.137995102        0.656983312
        5.310000000       -0.131357581        0.670411355
        5.320000000       -0.124589091        0.683174817
        5.330000000       -0.117696344        0.695260455
        5.340000000       -0.110686183        0.706655701
        5.350000000       -0.103565571        0.717348674
        5.360000000       -0.096341588        0.727328203
        5.370000000       -0.089021421        0.736583838
        5.380000000       -0.081612357        0.745105868
        5.390000000       -0.074121779        0.752885336
        5.400000000       -0.066557153        0.759914052
        5.410000000       -0.058926025        0.766184601
        5.420000000       -0.051236010        0.771690363
        5.430000000       -0.043494787        0.776425514
        5.440000000       -0.035710086        0.780385042
        5.450000000       -0.027889685        0.783564752
        5.460000000       -0.020041402        0.785961270
        5.470000000       -0.012173079        0.787572054
        5.480000000       -0.004292585        0.788395395
        5.490000000        0.003592201        0.788430417
        5.500000000        0.011473395        0.787677083
        5.510000000        0.019343117        0.786136194
        5.520000000        0.027193499        0.783809386
        5.530000000        0.035016693        0.780699127
        5.540000000        0.042804881        0.776808716
        5.550000000        0.050550280        0.772142276
        5.560000000        0.058245156        0.766704747
        5.570000000        0.065881824        0.760501881
        5.580000000        0.073452664        0.753540229
        5.590000000        0.080950123        0.745827133
        5.600000000        0.088366728        0.737370717
        5.610000000        0.095695089        0.728179870
        5.620000000        0.102927910        0.718264236
        5.630000000        0.110057993        0.707634200
        5.640000000        0.117078249        0.696300870
        5.650000000        0.123981705        0.684276063
        5.660000000        0.130761507        0.671572289
        5.670000000        0.137410931        0.658202731
        5.680000000        0.143923388        0.644181227
        5.690000000        0.150292431        0.629522254
        5.700000000        0.156511759        0.614240905
        5.710000000        0.162575226        0.598352871
        5.720000000        0.168476848        0.581874420
        5.730000000        0.174210803        0.564822379
        5.740000000        0.179771441        0.547214107
        5.750000000        0.185153290        0.529067481
        5.760000000        0.190351057        0.510400869
        5.770000000        0.195359637        0.491233113
        5.780000000        0.200174113        0.471583504
        5.790000000        0.204789766        0.451471762
        5.800000000        0.209202075        0.430918015
        5.810000000        0.213406721        0.409942775
        5.820000000        0.217399595        0.388566920
        5.830000000        0.221176795        0.366811672
        5.840000000        0.224734635        0.344698573
        5.850000000        0.228069646        0.322249466
        5.860000000        0.231178578        0.299486476
        5.870000000        0.234058404        0.276431987
        5.880000000        0.236706322        0.253108622
        5.890000000        0.239119757        0.229539223
        5.900000000        0.241296363        0.205746830
        5.910000000        0.243234027        0.181754664
        5.920000000        0.244930868        0.157586106
        5.930000000        0.246385240        0.133264675
        5.940000000        0.247595731        0.108814012
        5.950000000        0.248561168        0.084257861
        5.960000000        0.249280616        0.059620046
        5.970000000        0.249753377        0.034924458
        5.980000000        0.249978992        0.010195031
        5.990000000        0.249957244       -0.014544273
        6.000000000        0.249688154       -0.039269486
        6.010000000        0.249171981       -0.063956649
        6.020000000        0.248409227       -0.088581836
        6.030000000        0.247400631       -0.113121164
        6.040000000        0.246147170       -0.137550824
        6.050000000        0.244650059       -0.161847087
        6.060000000        0.242910751       -0.185986333
        6.070000000        0.240930934       -0.209945065
        6.080000000        0.238712530       -0.233699929
        6.090000000        0.236257693       -0.257227736
        6.100000000        0.233568809       -0.280505477
        6.110000000        0.230648493       -0.303510348
        6.120000000        0.227499587       -0.326219766
        6.130000000        0.224125157       -0.348611392
        6.140000000        0.220528492       -0.370663150
        6.150000000        0.216713099       -0.392353247
        6.160000000        0.212682704       -0.413660194
        6.170000000        0.208441243       -0.434562831
        6.180000000        0.203992865       -0.455040343
        6.190000000        0.199341922       -0.475072281
        6.200000000        0.194492971       -0.494638589
        6.210000000        0.189450768       -0.513719621
        6.220000000        0.184220261       -0.532296162
        6.230000000        0.178806589       -0.550349454
        6.240000000        0.173215077       -0.567861212
        6.250000000        0.167451229       -0.584813649
        6.260000000        0.161520726       -0.601189498
        6.270000000        0.155429417       -0.616972030
        6.280000000        0.149183317       -0.632145075
        6.290000000        0.142788599       -0.646693047
        6.300000000        0.136251590       -0.660600958
        6.310000000        0.129578762       -0.673854445
        6.320000000        0.122776728       -0.686439781
        6.330000000        0.115852237       -0.698343901
        6.340000000        0.108812162       -0.709554417
        6.350000000        0.101663500       -0.720059634
        6.360000000        0.094413358       -0.729848569
        6.370000000        0.087068950       -0.738910969
        6.380000000        0.079637592       -0.747237320
        6.390000000        0.072126687       -0.754818866
        6.400000000        0.064543724       -0.761647620
        6.410000000        0.056896268       -0.767716379
        6.420000000        0.049191951       -0.773018731
        6.430000000        0.041438467       -0.777549067
        6.440000000        0.033643560       -0.781302590
        6.450000000        0.025815018       -0.784275321
        6.460000000        0.017960667       -0.786464107
        6.470000000        0.010088357       -0.787866625
        6.480000000        0.002205960       -0.788481387
        6.490000000       -0.005678642       -0.788307739
        6.500000000       -0.013557567       -0.787345866
        6.510000000       -0.021422936       -0.785596789
        6.520000000       -0.029266885       -0.783062364
        6.530000000       -0.037081574       -0.779745282
        6.540000000       -0.044859193       -0.775649059
        6.550000000       -0.052591972       -0.770778035
        6.560000000       -0.060272188       -0.765137367
        6.570000000       -0.067892174       -0.758733017
        6.580000000       -0.075444325       -0.751571747
        6.590000000       -0.082921110       -0.743661108
        6.600000000       -0.090315077       -0.735009428
        6.610000000       -0.097618859       -0.725625796
        6.620000000       -0.104825186       -0.715520054
        6.630000000       -0.111926888       -0.704702780
        6.640000000       -0.118916907       -0.693185271
        6.650000000       -0.125788299       -0.680979530
        6.660000000       -0.132534245       -0.668098245
        6.670000000       -0.139148057       -0.654554775
        6.680000000       -0.145623180       -0.640363130
        6.690000000       -0.151953207       -0.625537951
        6.700000000       -0.158131878       -0.610094491
        6.710000000       -0.164153089       -0.594048596
        6.720000000       -0.170010896       -0.577416684
        6.730000000       -0.175699525       -0.560215725
        6.740000000       -0.181213372       -0.542463217
        6.750000000       -0.186547011       -0.524177169
        6.760000000       -0.191695199       -0.505376076
        6.770000000       -0.196652879       -0.486078902
        6.780000000       -0.201415188       -0.466305053
        6.790000000       -0.205977457       -0.446074359
        6.800000000       -0.210335219       -0.425407051
        6.810000000       -0.214484211       -0.404323742
        6.820000000       -0.218420377       -0.382845402
        6.830000000       -0.222139874       -0.360993339
        6.840000000       -0.225639070       -0.338789178
        6.850000000       -0.228914556       -0.316254838
        6.860000000       -0.231963140       -0.293412514
        6.870000000       -0.234781855       -0.270284656
        6.880000000       -0.237367957       -0.246893946
        6.890000000       -0.239718934       -0.223263282
        6.900000000       -0.241832500       -0.199415753
        6.910000000       -0.243706604       -0.175374623
        6.920000000       -0.245339425       -0.151163313
        6.930000000       -0.246729381       -0.126805376
        6.940000000       -0.247875123       -0.102324481
        6.950000000       -0.248775540       -0.077744396
        6.960000000       -0.249429760       -0.053088965
        6.970000000       -0.249837148       -0.028382091
        6.980000000       -0.249997310       -0.003647718
        6.990000000       -0.249910090        0.021090189
        7.000000000       -0.249575574        0.045807662
        7.010000000       -0.248994085        0.070480750
        7.020000000       -0.248166187        0.095085535
        7.030000000       -0.247092682        0.119598154
        7.040000000       -0.245774610        0.143994815
        7.050000000       -0.244213251        0.168251817
        7.060000000       -0.242410118        0.192345570
        7.070000000       -0.240366962        0.216252614
        7.080000000       -0.238085766        0.239949637
        7.090000000       -0.235568746        0.263413494
        7.100000000       -0.232818350        0.286621230
        7.110000000       -0.229837251        0.309550097
        7.120000000       -0.226628353        0.332177574
        7.130000000       -0.223194779        0.354481391
        7.140000000       -0.219539877        0.376439543
        7.150000000       -0.215667213        0.398030316
        7.160000000       -0.211580567        0.419232308
        7.170000000       -0.207283933        0.440024446
        7.180000000       -0.202781513        0.460386009
        7.190000000       -0.198077716        0.480296653
        7.200000000       -0.193177150        0.499736426
        7.210000000       -0.188084622        0.518685795
        7.220000000       -0.182805132        0.537125664
        7.230000000       -0.177343869        0.555037397
        7.240000000       -0.171706206        0.572402840
        7.250000000       -0.165897693        0.589204342
        7.260000000       -0.159924056        0.605424773
        7.270000000       -0.153791189        0.621047553
        7.280000000       -0.147505150        0.636056664
        7.290000000       -0.141072153        0.650436676
        7.300000000       -0.134498564        0.664172765
        7.310000000       -0.127790892        0.677250734
        7.320000000       -0.120955788        0.689657029
        7.330000000       -0.114000033        0.701378763
        7.340000000       -0.106930535        0.712403729
        7.350000000       -0.099754320        0.722720421
        7.360000000       -0.092478524        0.732318045
        7.370000000       -0.085110390        0.741186543
        7.380000000       -0.077657255        0.749316601
        7.390000000       -0.070126548        0.756699665
        7.400000000       -0.062525778        0.763327954
        7.410000000       -0.054862528        0.769194474
        7.420000000       -0.047144448        0.774293023
        7.430000000       -0.039379246        0.778618208
        7.440000000       -0.031574678        0.782165446
        7.450000000       -0.023738543        0.784930978
        7.460000000       -0.015878674        0.786911869
        7.470000000       -0.008002928        0.788106017
        7.480000000       -0.000119180        0.788512154
        7.490000000        0.007764687        0.788129849
        7.500000000        0.015640790        0.786959507
        7.510000000        0.023501254        0.785002372
        7.520000000        0.031338221        0.782260521
        7.530000000        0.039143858        0.778736862
        7.540000000        0.046910365        0.774435131
        7.550000000        0.054629982        0.769359884
        7.560000000        0.062295002        0.763516493
        7.570000000        0.069897772        0.756911133
        7.580000000        0.077430707        0.749550775
        7.590000000        0.084886296        0.741443177
        7.600000000        0.092257108        0.732596868
        7.610000000        0.099535802        0.723021141
        7.620000000        0.106715133        0.712726032
        7.630000000        0.113787960        0.701722311
        7.640000000        0.120747255        0.690021464
        7.650000000        0.127586106        0.677635677
        7.660000000        0.134297728        0.664577817
        7.670000000        0.140875467        0.650861418
        7.680000000        0.147312809        0.636500657
        7.690000000        0.153603382        0.621510340
        7.700000000        0.159740968        0.605905879
        7.710000000        0.165719506        0.589703273
        7.720000000        0.171533095        0.572919089
        7.730000000        0.177176006        0.555570437
        7.740000000        0.182642681        0.537674955
        7.750000000        0.187927742        0.519250780
        7.760000000        0.193025996        0.500316535
        7.770000000        0.197932436        0.480891302
        7.780000000        0.202642250        0.460994602
        7.790000000        0.207150823        0.440646373
        7.800000000        0.211453740        0.419866949
        7.810000000        0.215546794        0.398677040
        7.820000000        0.219425983        0.377097707
        7.830000000        0.223087521        0.355150344
        7.840000000        0.226527835        0.332856656
        7.850000000        0.229743573        0.310238637
        7.860000000        0.232731601        0.287318552
        7.870000000        0.235489012        0.264118913
        7.880000000        0.238013123        0.240662463
        7.890000000        0.240301482        0.216972151
        7.900000000        0.242351864        0.193071114
        7.910000000        0.244162279        0.168982662
        7.920000000        0.245730970        0.144730250
        7.930000000        0.247056416        0.120337464
        7.940000000        0.248137331        0.095828002
        7.950000000        0.248972667        0.071225654
        7.960000000        0.249561614        0.046554280
        7.970000000        0.249903602        0.021837798
        7.980000000        0.249998299       -0.002899843
        7.990000000        0.249845614       -0.027634674
        8.000000000        0.249445695       -0.052342730
        8.010000000        0.248798929       -0.077000067
        8.020000000        0.247905942       -0.101582780
        8.030000000        0.246767601       -0.126067021
        8.040000000        0.245385009       -0.150429023
        8.050000000        0.243759507       -0.174645112
        8.060000000        0.241892672       -0.198691729
        8.070000000        0.239786316       -0.222545453
        8.080000000        0.237442484       -0.246183012
        8.090000000        0.234863453       -0.269581312
        8.100000000        0.232051731       -0.292717450
        8.110000000        0.229010054       -0.315568735
        8.120000000        0.225741381       -0.338112712
        8.130000000        0.222248898       -0.360327177
        8.140000000        0.218536009       -0.382190202
        8.150000000        0.214606338       -0.403680154
        8.160000000        0.210463721       -0.424775713
        8.170000000        0.206112208       -0.445455900
        8.180000000        0.201556056       -0.465700091
        8.190000000        0.196799727       -0.485488043
        8.200000000        0.191847882       -0.504799913
        8.210000000        0.186705381       -0.523616282
        8.220000000        0.181377272       -0.541918173
        8.230000000        0.175868794       -0.559687076
        8.240000000        0.170185367       -0.576904967
        8.250000000        0.164332590       -0.593554332
        8.260000000        0.158316232       -0.609618185
        8.270000000        0.152142233       -0.625080092
        8.280000000        0.145816690       -0.639924188
        8.290000000        0.139345859       -0.654135202
        8.300000000        0.132736145       -0.667698474
        8.310000000        0.125994096       -0.680599975
        8.320000000        0.119126397       -0.692826326
        8.330000000        0.112139863       -0.704364819
        8.340000000        0.105041433       -0.715203430
        8.350000000        0.097838165       -0.725330840
        8.360000000        0.090537223       -0.734736448
        8.370000000        0.083145875       -0.743410393
        8.380000000        0.075671484       -0.751343558
        8.390000000        0.068121501       -0.758527595
        8.400000000        0.060503455       -0.764954929
        8.410000000        0.052824948       -0.770618775
        8.420000000        0.045093645       -0.775513144
        8.430000000        0.037317267       -0.779632856
        8.440000000        0.029503584       -0.782973547
        8.450000000        0.021660405       -0.785531674
        8.460000000        0.013795569       -0.787304523
        8.470000000        0.005916939       -0.788290212
        8.480000000       -0.001967608       -0.788487694
        8.490000000       -0.009850187       -0.787896760
        8.500000000       -0.017722917       -0.786518037
        8.510000000       -0.025577926       -0.784352990
        8.520000000       -0.033407363       -0.781403914
        8.530000000       -0.041203401       -0.777673940
        8.540000000       -0.048958252       -0.773167021
        8.550000000       -0.056664168       -0.767887928
        8.560000000       -0.064313455       -0.761842247
        8.570000000       -0.071898478       -0.755036364
        8.580000000       -0.079411672       -0.747477462
        8.590000000       -0.086845544       -0.739173501
        8.600000000       -0.094192687       -0.730133216
        8.610000000       -0.101445785       -0.720366096
        8.620000000       -0.108597620       -0.709882375
        8.630000000       -0.115641080       -0.698693012
        8.640000000       -0.122569167       -0.686809681
        8.650000000       -0.129375002       -0.674244749
        8.660000000       -0.136051833       -0.661011262
        8.670000000       -0.142593044       -0.647122926
        8.680000000       -0.148992157       -0.632594086
        8.690000000       -0.155242841       -0.617439711
        8.700000000       -0.161338918       -0.601675370
        8.710000000       -0.167274368       -0.585317214
        8.720000000       -0.173043338       -0.568381955
        8.730000000       -0.178640141       -0.550886847
        8.740000000       -0.184059268       -0.532849660
        8.750000000       -0.189295388       -0.514288663
        8.760000000       -0.194343357       -0.495222603
        8.770000000       -0.199198221       -0.475670678
        8.780000000       -0.203855217       -0.455652524
        8.790000000       -0.208309784       -0.435188184
        8.800000000       -0.212557561       -0.414298095
        8.810000000       -0.216594396       -0.393003061
        8.820000000       -0.220416343       -0.371324233
        8.830000000       -0.224019672       -0.349283090
        8.840000000       -0.227400870       -0.326901416
        8.850000000       -0.230556639       -0.304201278
        8.860000000       -0.233483908       -0.281205008
        8.870000000       -0.236179827       -0.257935182
        8.880000000       -0.238641776       -0.234414599
        8.890000000       -0.240867360       -0.210666259
        8.900000000       -0.242854419       -0.186713349
        8.910000000       -0.244601023       -0.162579216
        8.920000000       -0.246105477       -0.138287354
        8.930000000       -0.247366323       -0.113861380
        8.940000000       -0.248382337       -0.089325017
        8.950000000       -0.249152535       -0.064702077
        8.960000000       -0.249676170       -0.040016436
        8.970000000       -0.249952734       -0.015292023
        8.980000000       -0.249981961        0.009447207
        8.990000000       -0.249763821        0.034177284
        9.000000000       -0.249298525        0.058874245
        9.010000000       -0.248586526        0.083514157
        9.020000000       -0.247628512        0.108073127
        9.030000000       -0.246425413        0.132527327
        9.040000000       -0.244978394        0.156853011
        9.050000000       -0.243288860        0.181026536
        9.060000000       -0.241358449        0.205024377
        9.070000000       -0.239189036        0.228823150
        9.080000000       -0.236782727        0.252399629
        9.090000000       -0.234141861        0.275730768
        9.100000000       -0.231269006        0.298793717
        9.110000000       -0.228166956        0.321565848
        9.120000000       -0.224838733        0.344024769
        9.130000000       -0.221287578        0.366148347
        9.140000000       -0.217516956        0.387914730
        9.150000000       -0.213530546        0.409302366
        9.160000000       -0.209332242        0.430290024
        9.170000000       -0.204926149        0.450856815
        9.180000000       -0.200316578        0.470982216
        9.190000000       -0.195508043        0.490646086
        9.200000000       -0.190505260        0.509828692
        9.210000000       -0.185313138        0.528510732
        9.220000000       -0.179936777        0.546673348
        9.230000000       -0.174381464        0.564298158
        9.240000000       -0.168652666        0.581367272
        9.250000000       -0.162756029        0.597863311
        9.260000000       -0.156697367        0.613769434
        9.270000000       -0.150482661        0.629069355
        9.280000000       -0.144118053        0.643747367
        9.290000000       -0.137609837        0.657788356
        9.300000000       -0.130964458        0.671177828
        9.310000000       -0.124188499        0.683901924
        9.320000000       -0.117288681        0.695947442
        9.330000000       -0.110271854        0.707301852
        9.340000000       -0.103144988        0.717953314
        9.350000000       -0.095915168        0.727890700
        9.360000000       -0.088589589        0.737103602
        9.370000000       -0.081175543        0.745582353
        9.380000000       -0.073680419        0.753318042
        9.390000000       -0.066111687        0.760302521
        9.400000000       -0.058476897        0.766528425
        9.410000000       -0.050783669        0.771989177
        9.420000000       -0.043039684        0.776679003
        9.430000000       -0.035252676        0.780592937
        9.440000000       -0.027430425        0.783726832
        9.450000000       -0.019580750        0.786077364
        9.460000000       -0.011711498        0.787642039
        9.470000000       -0.003830535        0.788419196
        9.480000000        0.004054258        0.788408009
        9.490000000        0.011934997        0.787608490
        9.500000000        0.019803803        0.786021488
        9.510000000        0.027652808        0.783648689
        9.520000000        0.035474165        0.780492609
        9.530000000        0.043260060        0.776556597
        9.540000000        0.051002711        0.771844823
        9.550000000        0.058694387        0.766362275
        9.560000000        0.066327407        0.760114751
        9.570000000        0.073894154        0.753108850
        9.580000000        0.081387080        0.745351960
        9.590000000        0.088798717        0.736852249
        9.600000000        0.096121679        0.727618652
        9.610000000        0.103348675        0.717660857
        9.620000000        0.110472516        0.706989290
        9.630000000        0.117486119        0.695615103
        9.640000000        0.124382516        0.683550154
        9.650000000        0.131154861        0.670806991
        9.660000000        0.137796439        0.657398837
        9.670000000        0.144300667        0.643339569
        9.680000000        0.150661108        0.628643699
        9.690000000        0.156871470        0.613326356
        9.700000000        0.162925616        0.597403266
        9.710000000        0.168817570        0.580890731
        9.720000000        0.174541522        0.563805607
        9.730000000        0.180091831        0.546165286
        9.740000000        0.185463036        0.527987675
        9.750000000        0.190649855        0.509291169
        9.760000000        0.195647193        0.490094638
        9.770000000        0.200450145        0.470417397
        9.780000000        0.205054004        0.450279192
        9.790000000        0.209454260        0.429700173
        9.800000000        0.213646606        0.408700876
        9.810000000        0.217626946        0.387302198
        9.820000000        0.221391390        0.365525381
        9.830000000        0.224936265        0.343391984
        9.840000000        0.228258114        0.320923869
        9.850000000        0.231353700        0.298143176
        9.860000000        0.234220010        0.275072303
        9.870000000        0.236854254        0.251733887
        9.880000000        0.239253872        0.228150782
        9.890000000        0.241416531        0.204346039
        9.900000000        0.243340131        0.180342889
        9.910000000        0.245022805        0.156164722
        9.920000000        0.246462921        0.131835064
        9.930000000        0.247659080        0.107377563
        9.940000000        0.248610125        0.082815968
        9.950000000        0.249315132        0.058174108
        9.960000000        0.249773419        0.033475876
        9.970000000        0.249984542        0.008745210
        9.980000000        0.249948295       -0.015993930
        9.990000000        0.249664715       -0.040717574
       10.000000000        0.249134075       -0.065401765
